wavelength,intensity
180.0,0.0
180.1,0.0
180.2,0.0
180.29999999999998,0.0
180.39999999999998,0.0
180.49999999999997,0.0
180.59999999999997,0.0
180.69999999999996,0.0
180.79999999999995,0.0
180.89999999999995,0.0
180.99999999999994,0.0
181.09999999999994,0.0
181.19999999999993,0.0
181.29999999999993,0.0
181.39999999999992,0.0
181.49999999999991,0.0
181.5999999999999,0.0
181.6999999999999,0.0
181.7999999999999,0.0
181.8999999999999,0.0
181.9999999999999,0.0
182.09999999999988,0.0
182.19999999999987,0.0
182.29999999999987,0.0
182.39999999999986,0.0
182.49999999999986,0.0
182.59999999999985,0.0
182.69999999999985,0.0
182.79999999999984,0.0
182.89999999999984,0.0
182.99999999999983,0.0
183.09999999999982,0.0
183.19999999999982,0.0
183.2999999999998,0.0
183.3999999999998,0.0
183.4999999999998,0.0
183.5999999999998,0.0
183.6999999999998,0.0
183.79999999999978,0.0
183.89999999999978,0.0
183.99999999999977,0.0
184.09999999999977,0.0
184.19999999999976,0.0
184.29999999999976,0.0
184.39999999999975,0.0
184.49999999999974,0.0
184.59999999999974,0.0
184.69999999999973,0.0
184.79999999999973,0.0
184.89999999999972,0.0
184.99999999999972,0.0
185.0999999999997,0.0
185.1999999999997,0.0
185.2999999999997,0.0
185.3999999999997,0.0
185.4999999999997,0.0
185.59999999999968,0.0
185.69999999999968,0.0
185.79999999999967,0.0
185.89999999999966,0.0
185.99999999999966,0.0
186.09999999999965,0.0
186.19999999999965,0.0
186.29999999999964,0.0
186.39999999999964,0.0
186.49999999999963,0.0
186.59999999999962,0.0
186.69999999999962,0.0
186.7999999999996,0.0
186.8999999999996,0.0
186.9999999999996,0.0
187.0999999999996,0.0
187.1999999999996,0.0
187.29999999999959,0.0
187.39999999999958,0.0
187.49999999999957,0.0
187.59999999999957,0.0
187.69999999999956,0.0
187.79999999999956,0.0
187.89999999999955,0.0
187.99999999999955,0.0
188.09999999999954,-4.897737639811437
188.19999999999953,12.254049952894833
188.29999999999953,1.3526833344029572
188.39999999999952,0.0651326851731926
188.49999999999952,5.47106022728838
188.5999999999995,-7.21275248765807
188.6999999999995,19.185456777105166
188.7999999999995,12.803345257895739
188.8999999999995,6.059263522685603
188.9999999999995,9.964264344685445
189.09999999999948,10.819112583034379
189.19999999999948,22.746066274712916
189.29999999999947,26.08281152282117
189.39999999999947,16.57943485283542
189.49999999999946,9.263228528337054
189.59999999999945,-1.870719573286133
189.69999999999945,11.738405978779207
189.79999999999944,15.130206918737732
189.89999999999944,2.4569925537136914
189.99999999999943,-4.1914764769060255
190.09999999999943,47.642355506962616
190.19999999999942,30.927573489317254
190.29999999999941,15.027236445942272
190.3999999999994,14.927869812221177
190.4999999999994,20.175565953720188
190.5999999999994,-6.909599209158769
190.6999999999994,25.49482672279907
190.7999999999994,10.80457966406233
190.89999999999938,17.9761849854403
190.99999999999937,16.674654157254707
191.09999999999937,-0.12727855456456394
191.19999999999936,6.216985450613355
191.29999999999936,3.802049458504107
191.39999999999935,10.668241288143193
191.49999999999935,4.274358432472281
191.59999999999934,14.93303865723426
191.69999999999933,14.382272329216809
191.79999999999933,53.861076728504486
191.89999999999932,244.32476655533355
191.99999999999932,262.1900341630456
192.0999999999993,109.34004551530097
192.1999999999993,78.15232155225785
192.2999999999993,24.762257280821476
192.3999999999993,18.222365073953878
192.4999999999993,24.898558761325685
192.59999999999928,17.25056373236815
192.69999999999928,23.985188230016377
192.79999999999927,26.270099899629788
192.89999999999927,51.2392706910389
192.99999999999926,203.8372525812366
193.09999999999926,346.77067033957576
193.19999999999925,94.80455540537106
193.29999999999924,16.375823908699264
193.39999999999924,29.62413970486512
193.49999999999923,-6.495012465220023
193.59999999999923,10.356724998828467
193.69999999999922,16.538132205079915
193.79999999999922,4.312893936497907
193.8999999999992,19.57599457837871
193.9999999999992,16.015778730193073
194.0999999999992,58.114330820726344
194.1999999999992,150.1250816792281
194.2999999999992,79.23584080472067
194.39999999999918,33.58072063256891
194.49999999999918,20.7951394420609
194.59999999999917,23.111032766761582
194.69999999999916,0.10947456667438216
194.79999999999916,2.309780823348934
194.89999999999915,15.604066152365597
194.99999999999915,19.930333662374537
195.09999999999914,82.74883159014551
195.19999999999914,101.69030763963798
195.29999999999913,37.17426921441307
195.39999999999912,6.375263344807376
195.49999999999912,4.397148467086819
195.5999999999991,-3.592107139755496
195.6999999999991,21.3527179920733
195.7999999999991,36.29965741732739
195.8999999999991,15.966973011700809
195.9999999999991,24.409113400620907
196.09999999999908,29.081556994594763
196.19999999999908,6.235385564524472
196.29999999999907,24.959111255247787
196.39999999999907,3.984346669312337
196.49999999999906,24.67852467148261
196.59999999999906,30.04001829744071
196.69999999999905,-6.103634150904828
196.79999999999905,17.16825043391797
196.89999999999904,7.664508423825765
196.99999999999903,21.958254804495354
197.09999999999903,35.0905717820741
197.19999999999902,23.60038827765606
197.29999999999902,32.62575871678983
197.399999999999,31.31537044373348
197.499999999999,44.8934727430356
197.599999999999,96.96695870321048
197.699999999999,459.77371317209855
197.799999999999,613.8855113075048
197.89999999999898,171.68137700213867
197.99999999999898,35.86901020556108
198.09999999999897,52.91948462923478
198.19999999999897,41.30235259260913
198.29999999999896,40.284876622672336
198.39999999999895,39.772259354223316
198.49999999999895,49.09736991080101
198.59999999999894,42.04206382712527
198.69999999999894,42.243139066928514
198.79999999999893,39.419721964622575
198.89999999999893,76.86443709009421
198.99999999999892,111.1678399934175
199.09999999999891,316.63896543852843
199.1999999999989,357.8331051841365
199.2999999999989,84.39733447183137
199.3999999999989,39.00217037518246
199.4999999999989,26.121008612736333
199.5999999999989,30.977136118488286
199.69999999999888,29.531927082321154
199.79999999999887,11.277515701578514
199.89999999999887,-5.126157369231809
199.99999999999886,207.11041823677988
200.09999999999886,550.8518013129259
200.19999999999885,166.0988314510345
200.29999999999885,-0.8642122274165978
200.39999999999884,50.8959633405358
200.49999999999883,18.574543577875513
200.59999999999883,22.921382772855594
200.69999999999882,26.79761522240732
200.79999999999882,37.92550350692325
200.8999999999988,32.376422361815635
200.9999999999988,7.716859042089538
201.0999999999988,161.8067195238247
201.1999999999988,547.2205598290752
201.2999999999988,457.7298059479529
201.39999999999878,3.6119036703595597
201.49999999999878,46.80479898879954
201.59999999999877,31.860079159302384
201.69999999999877,7.719447032295965
201.79999999999876,44.35196375215709
201.89999999999876,40.52612153140904
201.99999999999875,41.2959785356828
202.09999999999874,78.18125250816063
202.19999999999874,80.8066833489325
202.29999999999873,30.27785866973111
202.39999999999873,16.204192573887845
202.49999999999872,51.775170338557395
202.59999999999872,39.21249676467668
202.6999999999987,45.7543986457735
202.7999999999987,3.883794023958041
202.8999999999987,43.018341606774925
202.9999999999987,5.948382726467271
203.0999999999987,24.3078559594408
203.19999999999868,26.312687453118496
203.29999999999868,35.063476584169855
203.39999999999867,26.431326316219508
203.49999999999866,30.16954133617044
203.59999999999866,33.19468665525752
203.69999999999865,23.295929864666263
203.79999999999865,13.736011109190214
203.89999999999864,19.683597227207294
203.99999999999864,52.55367678151261
204.09999999999863,69.33903979042884
204.19999999999862,33.52519752563977
204.29999999999862,10.192694732689421
204.3999999999986,163.03897377642397
204.4999999999986,254.90072911710212
204.5999999999986,63.8768166215062
204.6999999999986,8.97335181937086
204.7999999999986,30.11927938379664
204.89999999999858,13.221871117784962
204.99999999999858,3.9115630851200165
205.09999999999857,37.419000603717556
205.19999999999857,20.28788602607968
205.29999999999856,20.567106982113003
205.39999999999856,0.4957905836391232
205.49999999999855,46.31189856505296
205.59999999999854,33.818205400779
205.69999999999854,20.6706225668646
205.79999999999853,33.90237328762748
205.89999999999853,37.43614402164488
205.99999999999852,29.13930417278122
206.09999999999852,32.30999038491353
206.1999999999985,60.663332150160294
206.2999999999985,26.387952490500833
206.3999999999985,10.49482316877736
206.4999999999985,33.503469168094185
206.5999999999985,30.27254199056111
206.69999999999848,52.91484935787408
206.79999999999848,47.51114382684504
206.89999999999847,14.95508431797815
206.99999999999847,26.123787185734788
207.09999999999846,17.90880827815432
207.19999999999845,-1.409200753366711
207.29999999999845,26.892238897427042
207.39999999999844,19.27927452671032
207.49999999999844,13.167234073057054
207.59999999999843,34.73273591107176
207.69999999999843,1.6216670088404062
207.79999999999842,25.171632344350094
207.8999999999984,54.94988483619
207.9999999999984,-16.883209532204532
208.0999999999984,281.25613391848765
208.1999999999984,979.7685692233019
208.2999999999984,469.6344392397231
208.39999999999839,-4.48457246615358
208.49999999999838,52.37417335132645
208.59999999999837,20.70855806417896
208.69999999999837,23.825980587261828
208.79999999999836,35.823801133428184
208.89999999999836,35.95869692978831
208.99999999999835,11.901055331058673
209.09999999999835,21.14967104649741
209.19999999999834,27.19213089348705
209.29999999999833,18.61582130867582
209.39999999999833,-0.47246556553152863
209.49999999999832,32.71089773972142
209.59999999999832,13.725991634616546
209.6999999999983,31.57559125859798
209.7999999999983,52.81375322638531
209.8999999999983,30.72303780141064
209.9999999999983,11.100595876873127
210.0999999999983,22.941908644588118
210.19999999999828,25.4272927905676
210.29999999999828,39.39283207491158
210.39999999999827,40.10468310867732
210.49999999999827,16.336230984612246
210.59999999999826,25.910588591785128
210.69999999999825,54.00160271961967
210.79999999999825,69.23056876703549
210.89999999999824,-7.634465319059451
210.99999999999824,603.3775021706022
211.09999999999823,1066.013261682177
211.19999999999823,175.86086726810086
211.29999999999822,85.8537852535006
211.39999999999822,92.51536755484403
211.4999999999982,60.038831897583776
211.5999999999982,3.055280969554314
211.6999999999982,28.379012469505454
211.7999999999982,20.992083363795377
211.8999999999982,23.44015210470323
211.99999999999818,9.776303661255158
212.09999999999818,32.89216874589439
212.19999999999817,4.326649585103816
212.29999999999816,75.18943277662785
212.39999999999816,368.2620613414862
212.49999999999815,513.0945228143719
212.59999999999815,239.46845720918583
212.69999999999814,125.01323818317687
212.79999999999814,55.22016389657136
212.89999999999813,32.61784525309873
212.99999999999812,39.50769482338215
213.09999999999812,35.499655528615875
213.1999999999981,24.147809494080988
213.2999999999981,26.458846697663965
213.3999999999981,44.009659963374745
213.4999999999981,18.692690694934463
213.5999999999981,92.68192657972264
213.69999999999808,63.567382779384616
213.79999999999808,72.13274413380462
213.89999999999807,62.24373432061346
213.99999999999807,21.095936789743657
214.09999999999806,37.44683310298183
214.19999999999806,40.94797113568654
214.29999999999805,40.35470463706892
214.39999999999804,23.526199990547312
214.49999999999804,50.663024710111564
214.59999999999803,32.33872850207224
214.69999999999803,29.079694851632173
214.79999999999802,5.235140913804928
214.89999999999802,51.55589003031754
214.999999999998,37.63020467015679
215.099999999998,41.06126901878958
215.199999999998,30.137128214384923
215.299999999998,33.10683575837636
215.399999999998,8.075863678050546
215.49999999999798,22.778789064440122
215.59999999999798,37.999980928253805
215.69999999999797,33.11460901324473
215.79999999999797,30.013269525771992
215.89999999999796,36.03682036037607
215.99999999999795,25.634390929422544
216.09999999999795,19.636829821472617
216.19999999999794,82.83287905989144
216.29999999999794,39.605887510396315
216.39999999999793,31.953650074813226
216.49999999999793,65.50003511314246
216.59999999999792,144.80280076243938
216.6999999999979,165.70716177667364
216.7999999999979,35.34547153160364
216.8999999999979,54.574458351070646
216.9999999999979,45.62748184203677
217.0999999999979,55.28111351464048
217.19999999999789,21.135421409939983
217.29999999999788,41.411742614800424
217.39999999999787,44.48571204560426
217.49999999999787,99.21567637551733
217.59999999999786,42.67520889227944
217.69999999999786,65.72729882448466
217.79999999999785,92.6060747461584
217.89999999999785,60.24133281724525
217.99999999999784,39.3497282628911
218.09999999999783,19.486633453392532
218.19999999999783,20.721440216102003
218.29999999999782,25.041015339608364
218.39999999999782,54.02681972728791
218.4999999999978,48.034290911089904
218.5999999999978,58.60618292029804
218.6999999999978,101.04392935711293
218.7999999999978,37.1151271508291
218.8999999999978,58.75846260938019
218.99999999999778,50.509856305574615
219.09999999999778,64.942943219067
219.19999999999777,107.56819711543093
219.29999999999777,36.134267910362375
219.39999999999776,25.38476257690417
219.49999999999775,51.392778490525
219.59999999999775,54.87110407967231
219.69999999999774,20.057976746435155
219.79999999999774,57.309118629822734
219.89999999999773,64.11955387930298
219.99999999999773,74.38120882014775
220.09999999999772,409.0021511052564
220.19999999999771,186.39093038139947
220.2999999999977,76.10788171490832
220.3999999999977,65.08926317994396
220.4999999999977,52.6182557346786
220.5999999999977,86.91773264852829
220.6999999999977,66.4925858873011
220.79999999999768,90.85689493016154
220.89999999999768,83.54075843538494
220.99999999999767,121.08609517127478
221.09999999999766,180.2958939495195
221.19999999999766,100.5264590005323
221.29999999999765,137.9487787898892
221.39999999999765,125.0021702733673
221.49999999999764,38.79512876316583
221.59999999999764,326.9170745418614
221.69999999999763,264.74898390546065
221.79999999999762,147.0971957737172
221.89999999999762,65.55325165417617
221.9999999999976,150.973307273241
222.0999999999976,91.63466653613341
222.1999999999976,39.41613684967768
222.2999999999976,74.05805014282492
222.3999999999976,71.41038514531172
222.49999999999758,81.44965589222608
222.59999999999758,45.85607582488807
222.69999999999757,59.426744969066
222.79999999999757,121.32989401446522
222.89999999999756,214.11458201027
222.99999999999756,137.17398067576394
223.09999999999755,106.1746328461934
223.19999999999754,82.3665798319939
223.29999999999754,44.74445945538478
223.39999999999753,65.08539040619964
223.49999999999753,22.851254049654152
223.59999999999752,28.632227856834753
223.69999999999752,40.5997636375711
223.7999999999975,45.061861696240825
223.8999999999975,26.613307228764757
223.9999999999975,56.190912126458414
224.0999999999975,40.55613344890547
224.1999999999975,162.62410158998046
224.29999999999748,175.01526078802002
224.39999999999748,48.03023769809817
224.49999999999747,77.00804595556828
224.59999999999746,306.5118399668594
224.69999999999746,260.9860021953083
224.79999999999745,164.29140802775183
224.89999999999745,260.07093350682965
224.99999999999744,88.35503853293774
225.09999999999744,82.13932397299544
225.19999999999743,121.63777409211998
225.29999999999742,127.36061443438551
225.39999999999742,76.61927760119592
225.4999999999974,66.66760229735411
225.5999999999974,113.47420698897692
225.6999999999974,38.57238979932606
225.7999999999974,73.29102553783783
225.8999999999974,83.30382143999432
225.99999999999739,143.43389836350218
226.09999999999738,95.39163184603173
226.19999999999737,72.91515566712349
226.29999999999737,92.56278885581158
226.39999999999736,138.43805501951806
226.49999999999736,76.31000216107614
226.59999999999735,83.95681777053383
226.69999999999735,62.931860267047
226.79999999999734,83.04480048571699
226.89999999999733,92.9455223512871
226.99999999999733,122.52708243766318
227.09999999999732,70.5383202542119
227.19999999999732,49.831276952679936
227.2999999999973,44.203846191481354
227.3999999999973,36.584775457864524
227.4999999999973,52.097052580530836
227.5999999999973,67.39938861074408
227.6999999999973,64.70598660430436
227.79999999999728,78.81863317550399
227.89999999999728,134.2930508673857
227.99999999999727,142.26742421706123
228.09999999999727,57.91384455504601
228.19999999999726,18.642247581993725
228.29999999999725,364.10015457860527
228.39999999999725,156.73592570124407
228.49999999999724,23.06164892010111
228.59999999999724,103.83117055625517
228.69999999999723,106.21048913680016
228.79999999999723,52.35945601198261
228.89999999999722,34.73933062644395
228.99999999999721,40.19462477547998
229.0999999999972,92.38075386248957
229.1999999999972,74.73497697270459
229.2999999999972,27.37963650835747
229.3999999999972,81.34512671699858
229.4999999999972,77.98061088711303
229.59999999999718,77.92068679698298
229.69999999999717,173.07258996644188
229.79999999999717,216.47201885642482
229.89999999999716,100.78695793051608
229.99999999999716,43.782305701095126
230.09999999999715,57.951941440966614
230.19999999999715,94.34950611870597
230.29999999999714,112.63511958785722
230.39999999999714,117.2264315057519
230.49999999999713,121.00597139736593
230.59999999999712,54.9065416985698
230.69999999999712,73.93344844911988
230.7999999999971,84.66753225508144
230.8999999999971,71.99795701316637
230.9999999999971,81.64247161353151
231.0999999999971,154.14376837168112
231.1999999999971,135.70145938316517
231.29999999999708,101.7819664885985
231.39999999999708,149.49565115462016
231.49999999999707,123.21480975991895
231.59999999999707,250.16925589269098
231.69999999999706,130.51089749301633
231.79999999999706,57.24126858352803
231.89999999999705,98.60295226435787
231.99999999999704,221.5430042147405
232.09999999999704,136.94759406930012
232.19999999999703,81.36311075431463
232.29999999999703,63.02079420798292
232.39999999999702,125.82223412333359
232.49999999999702,211.87106015022312
232.599999999997,150.80347957189647
232.699999999997,523.5023097613719
232.799999999997,285.5145536424116
232.899999999997,77.88496891302985
232.999999999997,118.19321923237801
233.09999999999698,525.1892452399893
233.19999999999698,799.7441671395987
233.29999999999697,916.8768491281635
233.39999999999696,90.23009642785719
233.49999999999696,141.30531943431816
233.59999999999695,19.862261397470107
233.69999999999695,323.24512500166117
233.79999999999694,729.3231651355298
233.89999999999694,211.16340793824315
233.99999999999693,154.96038828874288
234.09999999999692,123.70254068609003
234.19999999999692,117.68775307937634
234.2999999999969,1514.9565547764867
234.3999999999969,2106.2275606781454
234.4999999999969,450.16484123245135
234.5999999999969,173.1201827962184
234.6999999999969,505.1099285144318
234.79999999999688,1600.4033931372737
234.89999999999688,692.3094291225491
234.99999999999687,62.952053090608274
235.09999999999687,212.91594722122554
235.19999999999686,394.6894747036191
235.29999999999686,294.9417469018348
235.39999999999685,325.50753918581285
235.49999999999685,427.90011310697673
235.59999999999684,129.0467875899275
235.69999999999683,137.95449080444675
235.79999999999683,249.2740186149757
235.89999999999682,1257.553658824901
235.99999999999682,1448.6908787074306
236.0999999999968,551.7993276671068
236.1999999999968,335.15150671878126
236.2999999999968,140.22634718322587
236.3999999999968,898.9893166633375
236.4999999999968,764.3155469805608
236.59999999999678,286.2293301992457
236.69999999999678,186.4674267452987
236.79999999999677,561.4012178773767
236.89999999999677,427.2870016510901
236.99999999999676,391.44274412591204
237.09999999999675,230.88979462450848
237.19999999999675,216.48341474600534
237.29999999999674,646.9153042985146
237.39999999999674,920.9335142177615
237.49999999999673,486.86700276000687
237.59999999999673,462.45099533175653
237.69999999999672,178.24232173512573
237.79999999999671,220.0555756298389
237.8999999999967,589.192510377205
237.9999999999967,644.3130138510195
238.0999999999967,1141.1240372591212
238.1999999999967,3072.716110213421
238.2999999999967,1264.383294281919
238.39999999999668,537.3955841939849
238.49999999999667,361.0344124663251
238.59999999999667,149.85840120049835
238.69999999999666,227.37859399826277
238.79999999999666,1188.4368727574092
238.89999999999665,1112.0477558397101
238.99999999999665,64.97654113119214
239.09999999999664,232.68022624969603
239.19999999999663,124.76838666679237
239.29999999999663,160.11116206819574
239.39999999999662,18.48474412435442
239.49999999999662,2603.3126546233857
239.5999999999966,1723.6817000268354
239.6999999999966,185.32775844012826
239.7999999999966,303.4016520176542
239.8999999999966,1618.6562914768751
239.9999999999966,632.5730538976577
240.09999999999658,220.89051371361708
240.19999999999658,287.13782751108886
240.29999999999657,-41.35603899917396
240.39999999999657,1670.6638916006516
240.49999999999656,1669.1769515691176
240.59999999999656,1534.016523396492
240.69999999999655,993.8697137070011
240.79999999999654,233.92138229186878
240.89999999999654,146.96614730349353
240.99999999999653,1681.3987299734401
241.09999999999653,2083.2242641657685
241.19999999999652,362.71313971375105
241.29999999999652,1156.5693866945153
241.3999999999965,500.25409586892147
241.4999999999965,146.89036678331814
241.5999999999965,165.8820272167254
241.6999999999965,285.26862270745744
241.7999999999965,265.0352195410952
241.89999999999648,151.43584911342828
241.99999999999648,119.87498373222382
242.09999999999647,83.94725983515299
242.19999999999646,167.11056669147442
242.29999999999646,314.29248403968165
242.39999999999645,826.3779124644352
242.49999999999645,397.659628633201
242.59999999999644,-54.21789317486832
242.69999999999644,2283.669879060345
242.79999999999643,4344.4788449369435
242.89999999999642,1281.8225395152874
242.99999999999642,578.1463740802053
243.0999999999964,227.4435560678508
243.1999999999964,598.5740083597378
243.2999999999964,473.18160902373285
243.3999999999964,480.73847493396084
243.4999999999964,749.973331939174
243.59999999999638,219.6703194833542
243.69999999999638,340.8556106006383
243.79999999999637,480.4887713593663
243.89999999999637,576.6268636141396
243.99999999999636,500.40016592747946
244.09999999999636,146.6025661307992
244.19999999999635,163.97672921414969
244.29999999999634,84.71933505800357
244.39999999999634,642.7480615926188
244.49999999999633,804.5259858127597
244.59999999999633,493.4487106986489
244.69999999999632,377.0995768789759
244.79999999999632,317.48201785398345
244.8999999999963,76.57635679400354
244.9999999999963,196.8331340941354
245.0999999999963,143.16426491553932
245.1999999999963,80.84317418882037
245.2999999999963,132.31694753223616
245.39999999999628,286.1696776342211
245.49999999999628,194.69213302837176
245.59999999999627,177.06445243398568
245.69999999999627,122.69241745063565
245.79999999999626,448.2672287948069
245.89999999999625,527.4083110773215
245.99999999999625,243.09934291310879
246.09999999999624,720.4842958302883
246.19999999999624,797.8724310444321
246.29999999999623,438.6349192764054
246.39999999999623,527.2249754222793
246.49999999999622,469.58089553944154
246.59999999999621,583.4996705603005
246.6999999999962,390.04805146820354
246.7999999999962,178.03619644212324
246.8999999999962,308.5127393907975
246.9999999999962,467.37347648534666
247.0999999999962,311.14570259112406
247.19999999999618,391.44106596428156
247.29999999999617,669.8459854716116
247.39999999999617,276.0843459477694
247.49999999999616,351.45176571024916
247.59999999999616,173.98615962351712
247.69999999999615,129.8848206718019
247.79999999999615,432.3025525173337
247.89999999999614,608.568044972682
247.99999999999613,554.1985539986189
248.09999999999613,262.70455177326187
248.19999999999612,578.8144541065526
248.29999999999612,1553.7451523965358
248.3999999999961,738.7763526453065
248.4999999999961,210.71290908583217
248.5999999999961,360.65264419026596
248.6999999999961,441.33878313947673
248.7999999999961,774.6183324965303
248.89999999999608,805.9896570730759
248.99999999999608,1511.2162958385438
249.09999999999607,1306.4530883283162
249.19999999999607,472.7616926967628
249.29999999999606,2109.663932570477
249.39999999999606,478.76279147466215
249.49999999999605,163.83752752153305
249.59999999999604,226.12045697044096
249.69999999999604,269.39325431380723
249.79999999999603,764.5895062245048
249.89999999999603,787.5745388790622
249.99999999999602,169.85694448893048
250.09999999999602,299.8691717279113
250.199999999996,403.48322982206827
250.299999999996,728.8055378397237
250.399999999996,479.79424202115797
250.499999999996,191.50462555455042
250.599999999996,585.4410841272193
250.69999999999598,989.2445377292476
250.79999999999598,141.98776461341623
250.89999999999597,148.92076068893746
250.99999999999596,224.45649463207604
251.09999999999596,876.4275516657515
251.19999999999595,815.0798117949815
251.29999999999595,154.25384679529722
251.39999999999594,841.609560616599
251.49999999999594,676.814757202885
251.59999999999593,1900.3513738760148
251.69999999999592,618.8846788294475
251.79999999999592,388.279006277323
251.8999999999959,1029.9370596818019
251.9999999999959,333.3451222806622
252.0999999999959,394.91435460774727
252.1999999999959,665.6506374076847
252.2999999999959,1138.9220026189194
252.39999999999588,829.7857966860437
252.49999999999588,1337.9719315928717
252.59999999999587,1204.3459431832591
252.69999999999587,953.7993229758818
252.79999999999586,951.9774312860138
252.89999999999586,1696.6740677991104
252.99999999999585,871.1584107273286
253.09999999999584,229.3459674146852
253.19999999999584,182.8384017626593
253.29999999999583,718.5082051606245
253.39999999999583,1209.7095605346315
253.49999999999582,498.7515160388974
253.59999999999582,1369.5044900014018
253.6999999999958,964.9057477675005
253.7999999999958,1359.248723660206
253.8999999999958,1622.731929178795
253.9999999999958,434.47352912334264
254.0999999999958,799.0852049397544
254.19999999999578,637.1643140424061
254.29999999999578,544.2199319548921
254.39999999999577,632.2924873082385
254.49999999999577,512.6070683361812
254.59999999999576,650.0687843290215
254.69999999999575,372.50887346314875
254.79999999999575,456.0768259855455
254.89999999999574,1357.9875653347144
254.99999999999574,1111.5806523093213
255.09999999999573,435.1929058398198
255.19999999999573,119.31840227998434
255.29999999999572,135.29120031105478
255.3999999999957,115.29735135331109
255.4999999999957,207.0994861951745
255.5999999999957,115.12603542229482
255.6999999999957,136.77331608402784
255.7999999999957,112.30176142501217
255.89999999999569,135.60947030528573
255.99999999999568,413.23498716546925
256.0999999999957,96.51535395074077
256.1999999999957,1783.3838085262619
256.29999999999575,1799.5414627600405
256.39999999999577,560.3370619233723
256.4999999999958,34.74782698133997
256.5999999999958,467.4834269426599
256.69999999999584,576.0343662629928
256.79999999999586,225.6542014542566
256.8999999999959,197.56138652434245
256.9999999999959,262.27703495191815
257.09999999999593,255.98528399182666
257.19999999999595,119.21173785265444
257.299999999996,170.30756895072744
257.399999999996,484.02691843761494
257.499999999996,439.7183189751719
257.59999999999604,712.8232912570697
257.69999999999607,537.7225612291065
257.7999999999961,516.2630004605893
257.8999999999961,150.3082858283631
257.99999999999613,181.33966974064953
258.09999999999616,-7.027658892888354
258.1999999999962,808.9237463903361
258.2999999999962,428.2403130722949
258.3999999999962,182.03101569222463
258.49999999999625,996.1462606944009
258.59999999999627,2237.821550939626
258.6999999999963,77.7330440473587
258.7999999999963,342.16852468875334
258.89999999999634,180.9039344924506
258.99999999999636,179.79543592964072
259.0999999999964,680.6961650979596
259.1999999999964,657.8427779787634
259.29999999999643,665.7891918836572
259.39999999999645,391.5207087605986
259.4999999999965,174.73661060530182
259.5999999999965,94.48784951409286
259.6999999999965,327.45394723966785
259.79999999999654,2476.5471031950337
259.89999999999657,4534.685407275256
259.9999999999966,1947.0649621026248
260.0999999999966,37.10857030239757
260.19999999999663,200.8812626029947
260.29999999999666,110.35858884214299
260.3999999999967,114.34668341173038
260.4999999999967,444.17293364166443
260.5999999999967,985.1549189450266
260.69999999999675,2554.767481112378
260.79999999999677,394.910952663322
260.8999999999968,310.7196636735122
260.9999999999968,-13.239605265031742
261.09999999999684,1846.3035177687068
261.19999999999686,1951.0226253441917
261.2999999999969,1222.0613398783148
261.3999999999969,1360.0947226415442
261.49999999999693,180.4302379499151
261.59999999999695,148.5719003880765
261.699999999997,781.6545780234223
261.799999999997,987.6588900462675
261.899999999997,116.48274249778287
261.99999999999704,293.4232578569708
262.09999999999707,715.9161272815637
262.1999999999971,397.5795927956889
262.2999999999971,219.06520352005631
262.39999999999714,115.77025135648731
262.49999999999716,1493.869752693789
262.5999999999972,1353.0902531976055
262.6999999999972,334.2246902648255
262.7999999999972,1344.259263574686
262.89999999999725,596.8835677366151
262.99999999999727,1235.6216809194484
263.0999999999973,3430.605559576178
263.1999999999973,1203.3109414325497
263.29999999999734,156.53777159117158
263.39999999999736,98.18382325818712
263.4999999999974,114.99488400708454
263.5999999999974,123.08508971680266
263.69999999999743,123.24365694689126
263.79999999999745,116.71191120105648
263.8999999999975,128.61781777514165
263.9999999999975,63.25051787445923
264.0999999999975,380.6418524071213
264.19999999999754,215.88886701441987
264.29999999999757,72.25953919888599
264.3999999999976,63.82540688779466
264.4999999999976,107.86990622994387
264.59999999999764,66.17747962442658
264.69999999999766,40.5428180459765
264.7999999999977,74.71115434974884
264.8999999999977,78.27600323332992
264.9999999999977,93.09415119179047
265.09999999999775,78.12864151092101
265.1999999999978,117.79933198559937
265.2999999999978,55.363839347576246
265.3999999999978,31.466488421304557
265.49999999999784,78.03499933080529
265.59999999999786,76.54321114160179
265.6999999999979,51.84489973162773
265.7999999999979,102.6426244818612
265.89999999999793,82.49104345064302
265.99999999999795,55.34442065596914
266.099999999998,90.42264331799218
266.199999999998,96.65734748504181
266.299999999998,33.742690013070685
266.39999999999804,424.9602801926028
266.49999999999807,395.8368238701781
266.5999999999981,312.9119671622892
266.6999999999981,430.252070644527
266.79999999999814,49.772876038844515
266.89999999999816,92.33556192836524
266.9999999999982,58.96415986889361
267.0999999999982,76.5925734569753
267.1999999999982,89.95150206991697
267.29999999999825,90.39090087890068
267.3999999999983,68.98663820788559
267.4999999999983,1405.9804413365648
267.5999999999983,4261.024451471017
267.69999999999834,385.44410868147617
267.79999999999836,166.32312611363255
267.8999999999984,139.7730741348077
267.9999999999984,125.69934778770778
268.09999999999843,97.45998638893374
268.19999999999845,76.3637885201801
268.2999999999985,93.5894340667062
268.3999999999985,225.4781199193311
268.4999999999985,303.65412668303514
268.59999999999854,75.63719710662619
268.69999999999857,71.06291748995393
268.7999999999986,248.94188340879188
268.8999999999986,237.08524929070214
268.99999999999864,87.71721873736182
269.09999999999866,47.48666017184674
269.1999999999987,362.764933058042
269.2999999999987,269.0471976118819
269.3999999999987,107.21919613758084
269.49999999999875,79.95568508719225
269.5999999999988,79.31229714082671
269.6999999999988,88.25672342300214
269.7999999999988,69.99777011007926
269.89999999999884,51.03472851107531
269.99999999999886,122.05607050844938
270.0999999999989,226.1187121826491
270.1999999999989,58.344235161915186
270.29999999999893,143.39851496263225
270.39999999999895,401.7388627893263
270.499999999999,66.52209409165175
270.599999999999,190.93061074540876
270.699999999999,182.36799064709993
270.79999999999905,123.85821954905754
270.89999999999907,168.45959360387656
270.9999999999991,62.821464755117894
271.0999999999991,180.38569330555163
271.19999999999914,326.71496578812815
271.29999999999916,167.89091260918462
271.3999999999992,830.852149926899
271.4999999999992,563.6287206081898
271.5999999999992,240.9913995768579
271.69999999999925,155.37300428659216
271.7999999999993,238.17979779925466
271.8999999999993,550.1007953791334
271.9999999999993,213.1222321418103
272.09999999999934,304.67910293138397
272.19999999999936,98.10781230474903
272.2999999999994,168.53917450644687
272.3999999999994,214.9732188691853
272.49999999999943,237.37454304390678
272.59999999999945,20.94503855621977
272.6999999999995,1105.36694051854
272.7999999999995,454.1355359982269
272.8999999999995,151.0020034802588
272.99999999999955,221.41564503252658
273.09999999999957,276.23867619798324
273.1999999999996,70.86508048142662
273.2999999999996,240.37188578373608
273.39999999999964,232.27353481324866
273.49999999999966,165.05799576361272
273.5999999999997,289.6854591093439
273.6999999999997,928.899334884592
273.7999999999997,137.69502833151802
273.89999999999975,2372.7973400125084
273.9999999999998,1903.758371207375
274.0999999999998,43.50730464500651
274.1999999999998,694.7820586482748
274.29999999999984,1626.451342489801
274.39999999999986,747.7455690244653
274.4999999999999,-33.93250560914788
274.5999999999999,2694.9956734203497
274.69999999999993,2776.8669676507825
274.79999999999995,1959.8804264719693
274.9,4031.1705827689543
275.0,1738.446074893898
275.1,177.788496224771
275.20000000000005,280.44875760056294
275.30000000000007,908.5304572047443
275.4000000000001,271.45925263707727
275.5000000000001,2096.3579121634766
275.60000000000014,2510.9366880656266
275.70000000000016,226.21769610664984
275.8000000000002,196.22886965403546
275.9000000000002,69.17978943605442
276.0000000000002,60.424949148457344
276.10000000000025,202.52477915064807
276.2000000000003,260.5547482289057
276.3000000000003,71.82144811366153
276.4000000000003,81.69858579457805
276.50000000000034,55.70321243310656
276.60000000000036,123.47142688299404
276.7000000000004,602.5292006310095
276.8000000000004,580.7922332841688
276.90000000000043,270.47666446843806
277.00000000000045,148.6173492498796
277.1000000000005,62.9245727202784
277.2000000000005,119.28323448834877
277.3000000000005,67.76087601721876
277.40000000000055,73.42675262194604
277.50000000000057,87.76610588825906
277.6000000000006,77.21810121026515
277.7000000000006,62.06793367655373
277.80000000000064,127.16977868425299
277.90000000000066,364.1066641045375
278.0000000000007,194.74842017610612
278.1000000000007,69.92717663045747
278.2000000000007,66.1199894633346
278.30000000000075,278.9503190029762
278.4000000000008,365.1293743303755
278.5000000000008,98.19457745533055
278.6000000000008,91.84126572103429
278.70000000000084,118.82567277123212
278.80000000000086,248.04249550392635
278.9000000000009,82.76289665879685
279.0000000000009,92.18057235840524
279.10000000000093,146.472993411268
279.20000000000095,74.79405233143127
279.300000000001,139.6224647029889
279.400000000001,82.27744733387198
279.500000000001,2405.710922970454
279.60000000000105,1497.124422231317
279.70000000000107,218.12854108051874
279.8000000000011,341.40918034004994
279.9000000000011,156.35408176329523
280.00000000000114,130.52582097647243
280.10000000000116,45.24811254554942
280.2000000000012,1381.5543126799334
280.3000000000012,1359.2781792409874
280.4000000000012,173.67540595343695
280.50000000000125,146.9316453901974
280.6000000000013,77.55415219272933
280.7000000000013,118.1195943117238
280.8000000000013,70.74806616698872
280.90000000000134,52.11794124212472
281.00000000000136,43.59965673748697
281.1000000000014,71.4536977134599
281.2000000000014,52.21886393727359
281.30000000000143,174.68593124814348
281.40000000000146,94.62534321393305
281.5000000000015,53.02783854888613
281.6000000000015,75.67235130820771
281.7000000000015,60.0399467324786
281.80000000000155,60.32330810369409
281.90000000000157,89.49047323209734
282.0000000000016,103.80263520902997
282.1000000000016,59.59778401842716
282.20000000000164,71.25051976723171
282.30000000000166,129.5593923185767
282.4000000000017,77.07473373517124
282.5000000000017,178.96094258937813
282.6000000000017,170.30216851435446
282.70000000000175,43.44888388987792
282.8000000000018,84.93584186212138
282.9000000000018,89.44230478569345
283.0000000000018,35.86172488955439
283.10000000000184,212.41483777551892
283.20000000000186,215.32471389492784
283.3000000000019,123.88348939761853
283.4000000000019,49.378265527908894
283.50000000000193,136.85027512406154
283.60000000000196,151.95095867685473
283.700000000002,73.35399086542681
283.800000000002,82.53419899903697
283.900000000002,109.6856217196618
284.00000000000205,189.31106748740896
284.10000000000207,201.6209484393676
284.2000000000021,59.649569747433446
284.3000000000021,137.58870198858838
284.40000000000214,138.22650328497735
284.50000000000216,102.5449989479247
284.6000000000022,105.79523854299694
284.7000000000022,69.93892096902964
284.8000000000022,154.20997230528968
284.90000000000225,95.22071067971572
285.0000000000023,65.63235066679013
285.1000000000023,175.85886335349946
285.2000000000023,439.8347384436313
285.30000000000234,113.68895945343026
285.40000000000236,35.88008016483428
285.5000000000024,83.96001353876537
285.6000000000024,168.41411647980402
285.70000000000243,164.51246361784513
285.80000000000246,182.86672054371545
285.9000000000025,107.86915807079203
286.0000000000025,34.03316956570133
286.1000000000025,55.42651029834932
286.20000000000255,41.29125140144098
286.30000000000257,38.48360690417211
286.4000000000026,45.11845718903652
286.5000000000026,41.99820215428789
286.60000000000264,48.459414774321715
286.70000000000266,52.793141057478365
286.8000000000027,48.90037029638571
286.9000000000027,77.16172788793872
287.00000000000273,52.608072570592604
287.10000000000275,76.05780869498665
287.2000000000028,86.40252187024322
287.3000000000028,132.81925817896501
287.4000000000028,105.20325146270531
287.50000000000284,62.7213884547839
287.60000000000286,107.60526108901037
287.7000000000029,73.74661542265626
287.8000000000029,55.13628332025656
287.90000000000293,52.67666919891637
288.00000000000296,66.18483938337864
288.100000000003,966.6647690644772
288.200000000003,1076.9023814683298
288.300000000003,276.97166623396777
288.40000000000305,191.2510858863753
288.50000000000307,76.01735367032848
288.6000000000031,92.4516865687861
288.7000000000031,84.09848748357912
288.80000000000314,74.22302971486963
288.90000000000316,89.48573205070232
289.0000000000032,54.30568143677243
289.1000000000032,161.90627089996684
289.20000000000323,171.16443130870786
289.30000000000325,67.2888334854389
289.4000000000033,77.65156364256056
289.5000000000033,96.04720190435513
289.6000000000033,33.326687728415266
289.70000000000334,51.13258764261868
289.80000000000337,47.54935379285456
289.9000000000034,52.613194397606335
290.0000000000034,46.822048040232545
290.10000000000343,61.182473505357876
290.20000000000346,46.18495371015282
290.3000000000035,28.697568815298045
290.4000000000035,43.19759936974588
290.5000000000035,166.2764804304327
290.60000000000355,278.54653088723114
290.70000000000357,207.76424109178137
290.8000000000036,79.00435049956495
290.9000000000036,70.32962828987269
291.00000000000364,68.59540372595137
291.10000000000366,66.05688879260933
291.2000000000037,38.110625999477186
291.3000000000037,368.01998821877714
291.40000000000373,233.30827397487778
291.50000000000375,64.1589198121434
291.6000000000038,27.664670354440684
291.7000000000038,56.084699480021534
291.8000000000038,64.36087972665666
291.90000000000384,77.05293900597123
292.00000000000387,53.2303527044077
292.1000000000039,47.07283960933313
292.2000000000039,14.069320710195942
292.30000000000393,83.57947364587389
292.40000000000396,45.29191255361988
292.500000000004,52.579169924271326
292.600000000004,103.1031107215127
292.700000000004,138.46165006979237
292.80000000000405,62.45445192281588
292.90000000000407,98.72110515315288
293.0000000000041,72.22217446186986
293.1000000000041,146.93441660419555
293.20000000000414,382.91085416838564
293.30000000000416,192.84928596278945
293.4000000000042,72.5920476117754
293.5000000000042,19.30193519423844
293.60000000000423,126.5406138203456
293.70000000000425,158.69900971071044
293.8000000000043,53.35938923768009
293.9000000000043,116.70650242770051
294.0000000000043,42.53280954420981
294.10000000000434,61.429888635075244
294.20000000000437,82.5235232769524
294.3000000000044,28.46968541813786
294.4000000000044,193.3154705778335
294.50000000000443,99.96534061697234
294.60000000000446,28.107512888283637
294.7000000000045,175.19190730749176
294.8000000000045,320.96892225287297
294.9000000000045,187.97080491616182
295.00000000000455,81.563603155587
295.10000000000457,74.87697245739945
295.2000000000046,44.66964635395333
295.3000000000046,111.2199291992603
295.40000000000464,244.0520618774959
295.50000000000466,105.30553919280389
295.6000000000047,49.769125016288235
295.7000000000047,101.34288523766239
295.80000000000473,86.19466560320133
295.90000000000475,79.24516423923501
296.0000000000048,89.74299261234512
296.1000000000048,47.8177623028154
296.2000000000048,67.42305926107555
296.30000000000484,34.34441596502317
296.40000000000487,112.8404275041286
296.5000000000049,146.351180397167
296.6000000000049,169.6731183984639
296.70000000000493,336.8033531170831
296.80000000000496,78.82505842520717
296.900000000005,145.70329099922233
297.000000000005,199.72373425029008
297.100000000005,114.9595191379317
297.20000000000505,110.60890597529131
297.30000000000507,317.2411114266991
297.4000000000051,118.8466303605211
297.5000000000051,50.35370280327423
297.60000000000514,52.843697604150535
297.70000000000516,37.29656940748734
297.8000000000052,54.52970448455227
297.9000000000052,77.25337558466565
298.00000000000523,42.62506453381855
298.10000000000525,76.67303658602944
298.2000000000053,93.73284702975607
298.3000000000053,121.45462359727365
298.4000000000053,370.3173682127636
298.50000000000534,459.6264263501712
298.60000000000537,166.20971523263756
298.7000000000054,71.26275600374312
298.8000000000054,35.216447566190766
298.90000000000543,58.42956873082906
299.00000000000546,178.73997550572557
299.1000000000055,101.60536722707779
299.2000000000055,57.55361827001366
299.3000000000055,14.077154457996137
299.40000000000555,226.4294401275091
299.50000000000557,185.20203654795347
299.6000000000056,84.24434826341331
299.7000000000056,72.2986026319924
299.80000000000564,54.719094536942826
299.90000000000566,116.38854435028207
300.0000000000057,188.83664098375746
300.1000000000057,206.08968044072463
300.20000000000573,173.585853680468
300.30000000000575,221.68106297318624
300.4000000000058,64.59907154589564
300.5000000000058,49.36787961354482
300.6000000000058,23.965582525400436
300.70000000000584,85.02619564889984
300.80000000000587,107.12444039662172
300.9000000000059,77.95924577609793
301.0000000000059,38.653660350894235
301.10000000000593,69.41810570925159
301.20000000000596,55.55048229435494
301.300000000006,49.97541910984109
301.400000000006,125.72936678251014
301.500000000006,70.2289802866404
301.60000000000605,96.03697964403081
301.70000000000607,68.11276818121954
301.8000000000061,118.10015277260112
301.9000000000061,18.473411553251616
302.00000000000614,468.5886446649018
302.10000000000616,691.9974266924719
302.2000000000062,116.66812031594063
302.3000000000062,93.0735654344831
302.40000000000623,84.9925977804024
302.50000000000625,145.57256764909516
302.6000000000063,196.9845891454274
302.7000000000063,48.7252889275219
302.8000000000063,48.3022644796446
302.90000000000634,387.1028823011233
303.00000000000637,210.16454262028867
303.1000000000064,128.64797580893617
303.2000000000064,147.72864265009346
303.30000000000643,180.77187848163905
303.40000000000646,138.17780327371
303.5000000000065,70.73127790049602
303.6000000000065,46.960062155302275
303.7000000000065,158.95095216927538
303.80000000000655,116.8868725716982
303.90000000000657,25.54035590299907
304.0000000000066,20.856336261261667
304.1000000000066,76.79032440948278
304.20000000000664,65.12798373832632
304.30000000000666,46.41888107743443
304.4000000000067,45.2419875426567
304.5000000000067,50.29881797582451
304.60000000000673,28.07184217995065
304.70000000000675,165.22262056002725
304.8000000000068,137.3366725428223
304.9000000000068,58.44768772983842
305.0000000000068,57.350035136470204
305.10000000000684,61.54570483656525
305.20000000000687,35.95369415268277
305.3000000000069,43.428244354437176
305.4000000000069,20.236996686474452
305.50000000000693,54.43646539939951
305.60000000000696,67.10677774458023
305.700000000007,176.86672521382778
305.800000000007,194.27597551185917
305.900000000007,189.77871753144876
306.00000000000705,58.74104174149376
306.10000000000707,24.584235722626975
306.2000000000071,56.56386009417068
306.3000000000071,55.81767815979719
306.40000000000714,40.11195184320111
306.50000000000716,71.43271795985756
306.6000000000072,102.00184935761537
306.7000000000072,186.8646712130656
306.80000000000723,82.59414074253975
306.90000000000725,42.10904651157948
307.0000000000073,26.814604150776418
307.1000000000073,38.171074491336284
307.2000000000073,76.9052932691281
307.30000000000734,101.62991405392707
307.40000000000737,44.10823228546771
307.5000000000074,128.41606095890313
307.6000000000074,102.40008768331654
307.70000000000744,40.80753601902453
307.80000000000746,131.92179266286317
307.9000000000075,103.29136081314391
308.0000000000075,42.60090428432667
308.1000000000075,162.7094149786468
308.20000000000755,389.16344404706285
308.30000000000757,252.25942777327708
308.4000000000076,100.60407110438567
308.5000000000076,65.3620057164178
308.60000000000764,32.540973167028234
308.70000000000766,81.54364149540514
308.8000000000077,176.9164033571475
308.9000000000077,74.41789516627513
309.00000000000773,64.83469993652099
309.10000000000775,73.24000103620537
309.2000000000078,409.0221220027893
309.3000000000078,673.4136871453663
309.4000000000078,178.43759374033618
309.50000000000784,72.23866753537682
309.60000000000787,46.200703876009065
309.7000000000079,51.42865403639023
309.8000000000079,53.085265596565954
309.90000000000794,47.80355881231563
310.00000000000796,175.01366242514453
310.100000000008,113.59306370783264
310.200000000008,100.24023458438145
310.300000000008,87.77740646943496
310.40000000000805,31.9139294426138
310.5000000000081,78.20071012055283
310.6000000000081,81.37540789588247
310.7000000000081,50.747097899113456
310.80000000000814,32.324193878552116
310.90000000000816,35.0408923936213
311.0000000000082,20.762275584161802
311.1000000000082,42.47798634360493
311.20000000000823,20.308164831145746
311.30000000000825,29.98550060048931
311.4000000000083,36.35492081570874
311.5000000000083,51.303511673401495
311.6000000000083,68.95512490120615
311.70000000000834,113.11416700731169
311.80000000000837,60.97418862076063
311.9000000000084,62.47254095830395
312.0000000000084,98.90277588751127
312.10000000000844,-26.285764214515495
312.20000000000846,996.7363022830889
312.3000000000085,1416.7736024945193
312.4000000000085,246.05603740810756
312.5000000000085,102.70536235448571
312.60000000000855,84.1511031075601
312.7000000000086,93.35947462734927
312.8000000000086,60.73319491888901
312.9000000000086,35.54521579009483
313.00000000000864,56.767369585802236
313.10000000000866,67.51928944372555
313.2000000000087,57.22767888642903
313.3000000000087,37.89825207340785
313.40000000000873,57.12156229593033
313.50000000000875,40.97136221716012
313.6000000000088,30.370421199841097
313.7000000000088,25.19139817609813
313.8000000000088,2.1065499995689807
313.90000000000884,31.151627964308894
314.00000000000887,38.77627463422289
314.1000000000089,34.313327997247285
314.2000000000089,14.55321520471266
314.30000000000894,24.29536264873617
314.40000000000896,38.745643520513966
314.500000000009,43.24674601196494
314.600000000009,21.007112717255
314.700000000009,34.48923280460662
314.80000000000905,31.904138825711968
314.9000000000091,24.07942746129681
315.0000000000091,39.14195568662996
315.1000000000091,16.266427621568095
315.20000000000914,74.49560530187073
315.30000000000916,24.225145720166182
315.4000000000092,106.9503076664505
315.5000000000092,34.032556611527
315.60000000000923,34.62302778891477
315.70000000000925,39.564093558396955
315.8000000000093,93.14977125944144
315.9000000000093,177.3958023556282
316.0000000000093,99.13175838601488
316.10000000000935,95.26093329136141
316.20000000000937,111.55587970344175
316.3000000000094,72.65449073801791
316.4000000000094,63.62472944904412
316.50000000000944,26.982831541100225
316.60000000000946,60.64573741275953
316.7000000000095,54.14231763797436
316.8000000000095,82.8705187943547
316.9000000000095,68.35118135213986
317.00000000000955,16.099729455302512
317.1000000000096,58.725519395110794
317.2000000000096,35.13379284805338
317.3000000000096,7.862522870247795
317.40000000000964,39.29106844710894
317.50000000000966,35.29026345961182
317.6000000000097,26.143997172205808
317.7000000000097,49.44262385017414
317.80000000000973,85.29190880787048
317.90000000000975,266.33291914746883
318.0000000000098,254.8390037559089
318.1000000000098,146.09159016216563
318.2000000000098,87.96155673127568
318.30000000000985,65.27780419854582
318.40000000000987,48.61325284416792
318.5000000000099,58.32920114732671
318.6000000000099,51.12808522756121
318.70000000000994,43.83318016740989
318.80000000000996,50.306091050877214
318.90000000001,47.521244424650895
319.00000000001,57.52930067612859
319.10000000001,98.3328886054584
319.20000000001005,71.64455598107376
319.3000000000101,107.03715481517943
319.4000000000101,132.72772507437008
319.5000000000101,109.8451664709905
319.60000000001014,107.05914719558481
319.70000000001016,70.98523499988241
319.8000000000102,52.03942230212013
319.9000000000102,54.09812504179014
320.00000000001023,83.70874406530982
320.10000000001025,71.14147594810903
320.2000000000103,72.56519048083322
320.3000000000103,74.96163579444867
320.4000000000103,163.17630407118145
320.50000000001035,154.4434680042908
320.60000000001037,85.57046231248273
320.7000000000104,22.109452108111793
320.8000000000104,28.41946531718341
320.90000000001044,54.54192811575058
321.00000000001046,96.85957512804984
321.1000000000105,75.36003437482101
321.2000000000105,102.41737319370229
321.3000000000105,126.88430462433774
321.40000000001055,136.58850336547854
321.5000000000106,47.18092205955044
321.6000000000106,72.29235764288804
321.7000000000106,71.80452865678002
321.80000000001064,66.52488330328814
321.90000000001066,60.42429711400955
322.0000000000107,43.14634241660468
322.1000000000107,75.99795303385035
322.20000000001073,156.60182683469375
322.30000000001075,101.84175129837111
322.4000000000108,95.07264090319168
322.5000000000108,128.60729690819937
322.6000000000108,103.47033172440887
322.70000000001085,134.49349409964913
322.80000000001087,147.4536321839037
322.9000000000109,123.60797778587234
323.0000000000109,279.6552462423528
323.10000000001094,246.68537157668558
323.20000000001096,82.92599459869932
323.300000000011,104.67355046102186
323.400000000011,227.64523227723305
323.500000000011,183.94717326751947
323.60000000001105,188.18177473508666
323.7000000000111,134.47346381740783
323.8000000000111,72.92644975224378
323.9000000000111,171.52740760037958
324.00000000001114,80.63930334183928
324.10000000001116,83.80823517840996
324.2000000000112,105.98230155999434
324.3000000000112,45.855037169846554
324.40000000001123,40.011256807702374
324.50000000001125,43.85633673439325
324.6000000000113,25.530111635417896
324.7000000000113,108.66634010876646
324.8000000000113,123.82477637810763
324.90000000001135,51.80391502078416
325.00000000001137,49.99320245657626
325.1000000000114,56.039840977169185
325.2000000000114,77.9900284018317
325.30000000001144,74.7770427005113
325.40000000001146,87.27936102009458
325.5000000000115,61.38789772730955
325.6000000000115,44.65924717164664
325.7000000000115,36.92418508977447
325.80000000001155,19.517009874440138
325.9000000000116,53.63688441124739
326.0000000000116,39.73268771011015
326.1000000000116,73.29625918289753
326.20000000001164,104.38449997067043
326.30000000001166,44.427211827595286
326.4000000000117,54.22839709970013
326.5000000000117,97.86606522843822
326.60000000001173,67.8672636938046
326.70000000001176,43.192047790685734
326.8000000000118,31.6568410388265
326.9000000000118,39.35331430306908
327.0000000000118,36.147263709619146
327.10000000001185,63.01998990645868
327.20000000001187,53.91224144703199
327.3000000000119,44.071733110953765
327.4000000000119,82.4503116319564
327.50000000001194,27.389744783741293
327.60000000001196,44.20265618610991
327.700000000012,39.32079662840258
327.800000000012,96.70001835182329
327.900000000012,28.03647699931321
328.00000000001205,918.5205798697797
328.1000000000121,1235.8040365656173
328.2000000000121,218.19847684735345
328.3000000000121,89.47648553276612
328.40000000001214,14.301378361367519
328.50000000001216,26.30418633714667
328.6000000000122,58.962807345384476
328.7000000000122,88.00691527544662
328.80000000001223,78.53891759730041
328.90000000001226,64.20927892104295
329.0000000000123,40.094834464913134
329.1000000000123,33.04463412007436
329.2000000000123,33.69442295041628
329.30000000001235,44.6064987328702
329.40000000001237,19.89888000290945
329.5000000000124,37.21715863648138
329.6000000000124,10.820992528238827
329.70000000001244,19.411968578091837
329.80000000001246,21.09572422482872
329.9000000000125,21.01018390572373
330.0000000000125,58.3270402660818
330.1000000000125,5.938301265249816
330.20000000001255,51.14289244530312
330.3000000000126,28.1069234709895
330.4000000000126,15.445415186430333
330.5000000000126,37.47782942239907
330.60000000001264,80.46302487577212
330.70000000001266,64.39682032784401
330.8000000000127,51.07566010931432
330.9000000000127,32.34978767174566
331.00000000001273,34.1921674618183
331.10000000001276,10.01817392770371
331.2000000000128,27.0276175124807
331.3000000000128,10.978220215052113
331.4000000000128,36.58615988404819
331.50000000001285,37.59433798033318
331.60000000001287,55.898614151706944
331.7000000000129,39.617044249067334
331.8000000000129,23.7921037991186
331.90000000001294,31.25435873092288
332.00000000001296,53.924823061349535
332.100000000013,63.73131868593783
332.200000000013,68.96888195895083
332.30000000001303,100.30113969080135
332.40000000001305,67.51880451168367
332.5000000000131,48.37049397937618
332.6000000000131,30.017111208868645
332.7000000000131,49.1244995862798
332.80000000001314,55.918589518962165
332.90000000001316,55.21594929908258
333.0000000000132,31.765058540822327
333.1000000000132,39.53128892254637
333.20000000001323,34.68133420292067
333.30000000001326,26.70392230371793
333.4000000000133,36.62141599699647
333.5000000000133,35.6463426107506
333.6000000000133,38.338913960802046
333.70000000001335,32.32856456585238
333.80000000001337,20.25181196713323
333.9000000000134,29.37665198718384
334.0000000000134,74.2602783043547
334.10000000001344,57.34989361751041
334.20000000001346,161.3880391146521
334.3000000000135,62.53110042057746
334.4000000000135,37.209040501188085
334.50000000001353,5.279859646495156
334.60000000001355,46.64011136603503
334.7000000000136,41.577594561426814
334.8000000000136,85.10490055687767
334.9000000000136,391.6817579382165
335.00000000001364,230.1899982158128
335.10000000001367,59.391428358290874
335.2000000000137,38.78444028230237
335.3000000000137,14.778105281938103
335.40000000001373,24.038709584676553
335.50000000001376,50.717566387492276
335.6000000000138,10.283522583127716
335.7000000000138,48.26690295223976
335.8000000000138,56.019183372507925
335.90000000001385,38.19995964774237
336.00000000001387,34.131210795174496
336.1000000000139,287.58996121855023
336.2000000000139,129.45435717869435
336.30000000001394,32.17814898887254
336.40000000001396,29.15587894311365
336.500000000014,29.147813952135415
336.600000000014,17.641295275364918
336.70000000001403,31.819415021669
336.80000000001405,29.90037526578289
336.9000000000141,15.297497253053928
337.0000000000141,17.864926660720638
337.1000000000141,18.905039899935062
337.20000000001414,141.38932947029403
337.30000000001417,180.43799018084246
337.4000000000142,71.91475168388502
337.5000000000142,26.38110370141652
337.60000000001423,18.736417014730023
337.70000000001426,38.04194934055666
337.8000000000143,39.446624039125126
337.9000000000143,43.48856668852538
338.0000000000143,75.26707796418536
338.10000000001435,32.075093470366106
338.20000000001437,403.7799135891721
338.3000000000144,893.8631512084221
338.4000000000144,332.5129386852117
338.50000000001444,113.50343454072666
338.60000000001446,16.46554777480906
338.7000000000145,27.86299708399679
338.8000000000145,47.33968043310544
338.90000000001453,57.89145163917606
339.00000000001455,20.150651249389604
339.1000000000146,19.955262709172832
339.2000000000146,45.055234630579776
339.3000000000146,35.8025377193198
339.40000000001464,45.62135716307711
339.50000000001467,48.015734694892494
339.6000000000147,45.50064057139222
339.7000000000147,11.442022766329481
339.80000000001473,19.93520113529249
339.90000000001476,49.35807770977624
340.0000000000148,23.12594888679888
340.1000000000148,27.0028700843339
340.2000000000148,14.052014218918202
340.30000000001485,27.049469131702722
340.40000000001487,30.185736309001797
340.5000000000149,40.046906190719476
340.6000000000149,27.6313796718761
340.70000000001494,85.63072322612742
340.80000000001496,48.970235256401644
340.900000000015,19.41362571206407
341.000000000015,32.16650074846251
341.10000000001503,47.881843695936254
341.20000000001505,21.011230270785113
341.3000000000151,35.69235783939068
341.4000000000151,42.40402959357527
341.5000000000151,61.78588287197494
341.60000000001514,28.153091252089226
341.70000000001517,29.56735734970548
341.8000000000152,49.642525174543
341.9000000000152,26.474639459507724
342.00000000001523,22.85415143077791
342.10000000001526,14.332858397289478
342.2000000000153,16.068885431553827
342.3000000000153,51.90618686854676
342.4000000000153,22.11999875645339
342.50000000001535,20.169925323712906
342.60000000001537,24.7541713603893
342.7000000000154,53.93209720702973
342.8000000000154,44.70584480332221
342.90000000001544,6.390963279351524
343.00000000001546,27.15899023016765
343.1000000000155,30.084228808954542
343.2000000000155,22.988950952949235
343.30000000001553,36.708242170430715
343.40000000001555,52.584674067505816
343.5000000000156,18.201518382434713
343.6000000000156,28.350683002546873
343.7000000000156,17.6817359168338
343.80000000001564,38.43268881621193
343.90000000001567,10.208823393306433
344.0000000000157,163.4466960733074
344.1000000000157,232.84663082323647
344.20000000001573,71.66964770774348
344.30000000001576,69.31495502899146
344.4000000000158,68.83717884767707
344.5000000000158,80.93815458964897
344.6000000000158,30.201445659265595
344.70000000001585,35.07174101373407
344.80000000001587,16.62131948517087
344.9000000000159,38.722144247841086
345.0000000000159,17.280276620398716
345.10000000001594,38.51805389547673
345.20000000001596,31.27226982795785
345.300000000016,47.944052376521384
345.400000000016,47.868685573032664
345.50000000001603,21.87489190267505
345.60000000001605,51.57997714817413
345.7000000000161,27.730102404761638
345.8000000000161,31.93797354141189
345.9000000000161,24.39981679331649
346.00000000001614,40.5095508746674
346.10000000001617,1.3749950009605492
346.2000000000162,73.02314528686058
346.3000000000162,37.55171354754562
346.40000000001623,35.02612285568896
346.50000000001626,55.695355637422246
346.6000000000163,76.40335701893086
346.7000000000163,44.98838828779155
346.8000000000163,41.14773617556001
346.90000000001635,28.003788257449497
347.00000000001637,13.034577692788787
347.1000000000164,31.61477382341679
347.2000000000164,31.88336761245433
347.30000000001644,33.153108299069025
347.40000000001646,33.957265701336894
347.5000000000165,78.05356549179996
347.6000000000165,85.7661200686302
347.70000000001653,87.0579585256282
347.80000000001655,42.79532426314003
347.9000000000166,10.813780006786004
348.0000000000166,42.912424513379804
348.1000000000166,26.13532821060762
348.20000000001664,48.077278644047155
348.30000000001667,36.58878720725383
348.4000000000167,17.269842944695963
348.5000000000167,27.029798603454765
348.60000000001673,24.960032473529395
348.70000000001676,28.079774041932957
348.8000000000168,5.409487415831397
348.9000000000168,41.09062044576297
349.0000000000168,75.91478011987215
349.10000000001685,77.79353532263464
349.20000000001687,33.5151077604322
349.3000000000169,51.77717064721323
349.4000000000169,34.621313472424205
349.50000000001694,43.91859187805273
349.60000000001696,31.95228459253741
349.700000000017,38.42728687912216
349.800000000017,46.53385060643263
349.90000000001703,25.620403763465447
350.00000000001705,21.036877746243068
350.1000000000171,36.892855670820325
350.2000000000171,30.954942493797446
350.3000000000171,26.006239896846814
350.40000000001714,57.0810465353976
350.50000000001717,52.9276167068283
350.6000000000172,37.19856713143348
350.7000000000172,36.62490808872861
350.80000000001723,29.110129782582252
350.90000000001726,29.75365881132955
351.0000000000173,40.34510881513874
351.1000000000173,54.463511417089336
351.2000000000173,5.659433805602703
351.30000000001735,59.21340104033673
351.40000000001737,58.61601938218539
351.5000000000174,40.062901426274344
351.6000000000174,49.05934868014067
351.70000000001744,16.48362843296133
351.80000000001746,38.07245221788945
351.9000000000175,7.434184950506181
352.0000000000175,18.975816004546665
352.10000000001753,41.443076399868026
352.20000000001755,34.04907659264366
352.3000000000176,44.529879583342506
352.4000000000176,47.61956966825189
352.5000000000176,54.920407308892656
352.60000000001764,88.10261898579792
352.70000000001767,69.00971298419624
352.8000000000177,49.14631571724471
352.9000000000177,56.75833897186569
353.00000000001774,49.06307630154801
353.10000000001776,42.132667451217564
353.2000000000178,47.38238560051734
353.3000000000178,59.36958366369479
353.4000000000178,16.972626115464227
353.50000000001785,57.23331502499009
353.60000000001787,50.09237885887955
353.7000000000179,32.86288823106286
353.8000000000179,57.872024474730836
353.90000000001794,28.85930729611166
354.00000000001796,40.06653407655017
354.100000000018,71.21074638706376
354.200000000018,89.88972680104908
354.30000000001803,66.8935548193094
354.40000000001805,38.50104016456635
354.5000000000181,34.05254983258909
354.6000000000181,49.81507044526172
354.7000000000181,29.209787916737813
354.80000000001814,48.644602688371535
354.90000000001817,47.87893011575129
355.0000000000182,29.152900147143185
355.1000000000182,58.123952918704425
355.20000000001824,79.5936115049427
355.30000000001826,179.18132540596218
355.4000000000183,227.80029091191307
355.5000000000183,172.35447472698488
355.6000000000183,150.2247455128831
355.70000000001835,152.46118196938323
355.8000000000184,152.27732212597968
355.9000000000184,127.22205954912523
356.0000000000184,98.37850863386923
356.10000000001844,43.49431284558964
356.20000000001846,81.09314368855985
356.3000000000185,40.421921434603775
356.4000000000185,51.48251822162804
356.50000000001853,177.17040938141093
356.60000000001855,187.62058246403961
356.7000000000186,63.66669267517689
356.8000000000186,48.102138052945705
356.9000000000186,130.82983577294814
357.00000000001864,410.0774686195435
357.10000000001867,268.0584640584912
357.2000000000187,59.50641917921244
357.3000000000187,65.66795002390586
357.40000000001874,34.880091241453506
357.50000000001876,38.62196653403057
357.6000000000188,63.88160685946709
357.7000000000188,29.367574048651303
357.8000000000188,40.12906375522857
357.90000000001885,66.89157201289204
358.0000000000189,90.29778211644992
358.1000000000189,574.6315285533403
358.2000000000189,336.14087058030015
358.30000000001894,118.31419048994525
358.40000000001896,81.00486255740331
358.500000000019,234.84394980747143
358.600000000019,526.0977325506842
358.70000000001903,617.2475402856992
358.80000000001905,189.59819454871166
358.9000000000191,141.47766071294717
359.0000000000191,58.51817096193747
359.1000000000191,57.07948230119467
359.20000000001914,33.59386085255369
359.30000000001917,48.944865263197535
359.4000000000192,37.22870979461456
359.5000000000192,76.17640989949312
359.60000000001924,37.832265684631
359.70000000001926,54.86360162602141
359.8000000000193,54.70887538571851
359.9000000000193,23.31779944304985
360.0000000000193,26.730575613468407
360.10000000001935,39.64935943554249
360.2000000000194,51.5649162950584
360.3000000000194,61.38517095261897
360.4000000000194,46.12094641087338
360.50000000001944,55.27989319314876
360.60000000001946,143.77608202414388
360.7000000000195,157.34929114430074
360.8000000000195,193.16649365641112
360.90000000001953,284.4174363737105
361.00000000001955,167.10463432287457
361.1000000000196,113.56672062844387
361.2000000000196,82.24189730754031
361.3000000000196,46.74631336306113
361.40000000001965,55.32694567575825
361.50000000001967,49.269965172593054
361.6000000000197,42.38855392434859
361.7000000000197,48.99797476263146
361.80000000001974,182.89200327841738
361.90000000001976,327.16153145380895
362.0000000000198,174.16905878045412
362.1000000000198,100.89617715262753
362.2000000000198,103.26911656288176
362.30000000001985,71.08317822408344
362.4000000000199,63.472419349555246
362.5000000000199,77.52845739186766
362.6000000000199,33.852684227066284
362.70000000001994,44.990550570830536
362.80000000001996,28.78965604052997
362.90000000002,28.54529987092721
363.00000000002,76.03279905996195
363.10000000002003,245.29522289761346
363.20000000002005,264.44047732963116
363.3000000000201,101.86914522793509
363.4000000000201,78.20865113266225
363.5000000000201,101.10848506343015
363.60000000002015,78.79359592369931
363.70000000002017,54.0653521903091
363.8000000000202,114.3113016763803
363.9000000000202,53.30353296207868
364.00000000002024,89.3282185308498
364.10000000002026,59.557570748157346
364.2000000000203,68.49291708167928
364.3000000000203,64.8216695724954
364.4000000000203,61.38583007133827
364.50000000002035,56.251628658865094
364.6000000000204,50.1752958762695
364.7000000000204,146.3556730179184
364.8000000000204,184.9608249740002
364.90000000002044,150.1860213171853
365.00000000002046,631.3620595780192
365.1000000000205,524.0392128316212
365.2000000000205,354.9097731257879
365.30000000002053,220.9593965145325
365.40000000002055,191.1426895511504
365.5000000000206,177.64160971138136
365.6000000000206,155.66383620700063
365.7000000000206,144.6534989312698
365.80000000002065,158.65065435233672
365.90000000002067,151.57217870776378
366.0000000000207,139.67766245876797
366.1000000000207,160.59201915920139
366.20000000002074,156.04575068993634
366.30000000002076,125.51799980934312
366.4000000000208,99.72997471654406
366.5000000000208,95.56703710795243
366.6000000000208,107.1004523238005
366.70000000002085,137.51551706068537
366.8000000000209,188.66825495375906
366.9000000000209,217.29926068743302
367.0000000000209,193.78280823606724
367.10000000002094,131.7873308893842
367.20000000002096,92.18988427659474
367.300000000021,104.02362634433148
367.400000000021,133.31888854663327
367.50000000002103,139.8465271838983
367.60000000002105,226.5945626493222
367.7000000000211,303.8996631757963
367.8000000000211,286.2237717096442
367.9000000000211,354.0706296462583
368.00000000002115,368.0339383138089
368.10000000002117,282.40112769984745
368.2000000000212,304.8542926337837
368.3000000000212,452.9577425512781
368.40000000002124,677.3277435924333
368.50000000002126,869.604844602981
368.6000000000213,843.514417152842
368.7000000000213,645.1552712914134
368.8000000000213,431.8125060042841
368.90000000002135,314.74081925527423
369.0000000000214,242.2626762645636
369.1000000000214,164.2491087075098
369.2000000000214,131.24345972242676
369.30000000002144,299.1464255199643
369.40000000002146,386.11319348668843
369.5000000000215,227.7821955673884
369.6000000000215,169.03751001869932
369.70000000002153,178.4319728598222
369.80000000002156,171.3102792886983
369.9000000000216,180.5787884021443
370.0000000000216,308.81286650189566
370.1000000000216,375.59872213391407
370.20000000002165,250.0179999844909
370.30000000002167,210.97598663956492
370.4000000000217,511.362486440955
370.5000000000217,882.2745469500443
370.60000000002174,802.4325742376755
370.70000000002176,717.540226717811
370.8000000000218,896.4489348362165
370.9000000000218,1064.8275103352046
371.0000000000218,597.3807053415412
371.10000000002185,161.48304092873644
371.2000000000219,168.39211600263
371.3000000000219,162.16693043697765
371.4000000000219,145.2406842390247
371.50000000002194,253.79635753915824
371.60000000002196,348.30989278228014
371.700000000022,-28.602830601544497
371.800000000022,858.8370987244185
371.90000000002203,2614.5296640121423
372.00000000002206,1966.4319877537716
372.1000000000221,1149.1535137273074
372.2000000000221,982.1014908075053
372.3000000000221,503.4459480595214
372.40000000002215,269.0063673926605
372.50000000002217,275.1003569723186
372.6000000000222,493.29634548700034
372.7000000000222,1124.5818720554885
372.80000000002224,969.2031777129914
372.90000000002226,245.59119016091728
373.0000000000223,214.51361984842845
373.1000000000223,511.67691053891775
373.2000000000223,548.2722295386449
373.30000000002235,1446.595892311453
373.4000000000224,5200.588071548945
373.5000000000224,5232.988995165903
373.6000000000224,2279.087700343409
373.70000000002244,2741.5210156125004
373.80000000002246,1845.1088911861257
373.9000000000225,275.8321101248222
374.0000000000225,427.9786860371278
374.10000000002253,444.8846154278822
374.20000000002256,705.3209655846887
374.3000000000226,1234.663156584705
374.4000000000226,1364.210691906429
374.5000000000226,2137.5815644988643
374.60000000002265,2056.1495288170718
374.70000000002267,1061.384048504528
374.8000000000227,3429.4460858574103
374.9000000000227,4414.950091948147
375.00000000002274,2085.3731127706396
375.10000000002276,483.45428571675495
375.2000000000228,215.79604671392735
375.3000000000228,428.6006205892332
375.4000000000228,324.7052185368869
375.50000000002285,131.97473298587258
375.6000000000229,473.95675647963924
375.7000000000229,1781.5302883794336
375.8000000000229,3417.3082728994173
375.90000000002294,2580.0670639150767
376.00000000002296,889.9490901004106
376.100000000023,1031.5558580569377
376.200000000023,1196.7608168253896
376.30000000002303,1529.849511368206
376.40000000002306,1855.7405187781742
376.5000000000231,1186.1754229791131
376.6000000000231,1419.2806343130815
376.7000000000231,1687.1228080552355
376.80000000002315,526.8452120564929
376.90000000002317,192.891291646339
377.0000000000232,352.5146755951242
377.1000000000232,252.77289948124547
377.20000000002324,212.2968407836085
377.30000000002326,223.65910464503688
377.4000000000233,230.99841894658329
377.5000000000233,226.64361658013019
377.60000000002333,222.94792414204827
377.70000000002335,208.73012624571726
377.8000000000234,205.6431964541838
377.9000000000234,249.9646909615211
378.0000000000234,220.0300368149224
378.10000000002344,181.62283572090124
378.20000000002346,239.0211003774308
378.3000000000235,219.89449226083295
378.4000000000235,216.8755426494642
378.50000000002353,313.5880325398953
378.60000000002356,443.6698398318894
378.7000000000236,709.0094461810742
378.8000000000236,787.3306194805275
378.9000000000236,428.6103560860584
379.00000000002365,305.8882006963818
379.10000000002367,355.37079892996286
379.2000000000237,351.63728231738924
379.3000000000237,448.0982226696541
379.40000000002374,927.0261542677429
379.50000000002376,1145.876942752941
379.6000000000238,583.5345772298124
379.7000000000238,580.3540874128794
379.80000000002383,1022.3555152058885
379.90000000002385,1137.0037042486106
380.0000000000239,649.2890899815606
380.1000000000239,389.5768984039124
380.2000000000239,492.44515643551017
380.30000000002394,549.1754023064228
380.40000000002397,697.9326185696534
380.500000000024,786.0702221943718
380.600000000024,678.5287178732952
380.70000000002403,503.973567991841
380.80000000002406,382.33797981530375
380.9000000000241,333.8784955598817
381.0000000000241,320.31683777972717
381.1000000000241,348.3316134412937
381.20000000002415,483.43964454500247
381.30000000002417,632.1333115001391
381.4000000000242,802.2569773882478
381.5000000000242,2222.3983620312574
381.60000000002424,2899.8583846189435
381.70000000002426,738.8924543304512
381.8000000000243,-348.9880814248454
381.9000000000243,2010.474599064526
382.00000000002433,4774.2582045714025
382.10000000002435,2185.7498920670764
382.2000000000244,155.8513052051402
382.3000000000244,610.7694965679758
382.4000000000244,1308.089504988191
382.50000000002444,2759.9592782394634
382.60000000002447,3220.0405110938464
382.7000000000245,2089.3479359004955
382.8000000000245,1299.6546343839157
382.90000000002453,748.295547982765
383.00000000002456,403.0543935923808
383.1000000000246,399.48883048478086
383.2000000000246,375.28923644665826
383.3000000000246,1173.7260199167606
383.40000000002465,2043.7021096569372
383.50000000002467,837.4379687434778
383.6000000000247,179.97227540415886
383.7000000000247,455.1273862682071
383.80000000002474,514.6078261838607
383.90000000002476,1129.2706149255396
384.0000000000248,1916.8239464701198
384.1000000000248,1906.9118864269674
384.20000000002483,754.73006691153
384.30000000002485,193.6145345953698
384.4000000000249,318.2864597242898
384.5000000000249,301.1979246009274
384.6000000000249,389.9758976815641
384.70000000002494,352.11187976474196
384.80000000002497,291.687102040128
384.900000000025,628.5206444393062
385.000000000025,621.0044770146434
385.10000000002503,336.52860804143535
385.20000000002506,244.1559312928507
385.3000000000251,220.12704066626156
385.4000000000251,232.09946094264245
385.5000000000251,518.8009663343495
385.60000000002515,1058.0477196369616
385.70000000002517,521.4282422434296
385.8000000000252,526.8243950338972
385.9000000000252,1945.7443692089903
386.00000000002524,1498.945358293128
386.10000000002526,534.9859381029283
386.2000000000253,291.98025005824
386.3000000000253,220.03193206258655
386.40000000002533,353.5728926618456
386.50000000002535,467.7933054511651
386.6000000000254,365.11300460850276
386.7000000000254,257.46150126953506
386.8000000000254,240.28086931683126
386.90000000002544,238.12420939246473
387.00000000002547,212.14424885630854
387.1000000000255,477.0616763491177
387.2000000000255,763.9092746056266
387.30000000002553,872.6799502830999
387.40000000002556,1066.4944647532
387.5000000000256,728.1013871727828
387.6000000000256,320.636636683565
387.7000000000256,777.8189348920217
387.80000000002565,1193.0065088740528
387.90000000002567,1075.1322684084932
388.0000000000257,616.2598627496367
388.1000000000257,353.10073582350424
388.20000000002574,342.001213790819
388.30000000002576,275.41746759011386
388.4000000000258,158.74526439364558
388.5000000000258,870.2263921135341
388.60000000002583,1274.1658736327702
388.70000000002585,878.5549809670216
388.8000000000259,867.4373151238041
388.9000000000259,671.3197263362467
389.0000000000259,341.39748678535705
389.10000000002594,342.704438379559
389.20000000002597,344.22734846139537
389.300000000026,328.8014960159639
389.400000000026,337.26587704823964
389.50000000002603,392.02514319335853
389.60000000002606,920.0562698506745
389.7000000000261,2134.8934942904307
389.8000000000261,3129.993351404532
389.9000000000261,1951.3815341332147
390.00000000002615,557.4364142988603
390.10000000002617,421.6364319684864
390.2000000000262,768.984207233394
390.3000000000262,636.1464284244887
390.40000000002624,535.7593227173982
390.50000000002626,860.7075030690974
390.6000000000263,584.0749588012764
390.7000000000263,258.91563762026533
390.80000000002633,260.3966035627385
390.90000000002635,302.3121006489149
391.0000000000264,269.3325941273192
391.1000000000264,193.92393455955005
391.2000000000264,191.6642552942655
391.30000000002644,345.0081510876472
391.40000000002647,448.8854658555643
391.5000000000265,406.85711632062964
391.6000000000265,310.33148775588654
391.70000000002653,293.0561819628639
391.80000000002656,357.6738970470213
391.9000000000266,421.7797343552813
392.0000000000266,421.0339288445338
392.1000000000266,455.09589261780445
392.20000000002665,502.18421645980345
392.30000000002667,465.977389142522
392.4000000000267,358.4084033844585
392.5000000000267,270.5764122584679
392.60000000002674,483.7676263788685
392.70000000002676,1043.057529087599
392.8000000000268,784.0621762692008
392.9000000000268,939.1862294523878
393.00000000002683,1332.2398946339986
393.10000000002685,-647.4923174884291
393.2000000000269,9088.00093875079
393.3000000000269,21735.872540786746
393.4000000000269,14139.019940126129
393.50000000002694,4112.731933574806
393.60000000002697,325.9605186702367
393.700000000027,433.917626346012
393.800000000027,502.38211209231383
393.90000000002703,339.7121157897595
394.00000000002706,318.9019462908635
394.1000000000271,334.2318359994779
394.2000000000271,556.515060876258
394.3000000000271,2371.814323077968
394.40000000002715,4082.5357457412556
394.50000000002717,1593.5903050706859
394.6000000000272,26.3785079178582
394.7000000000272,453.7738103278012
394.80000000002724,483.4601937472486
394.90000000002726,396.5164858819562
395.0000000000273,352.6064868060743
395.1000000000273,353.9023244266342
395.20000000002733,389.9047072955554
395.30000000002735,313.05966624205695
395.4000000000274,245.21884635270442
395.5000000000274,352.82441339770173
395.6000000000274,547.3642406834208
395.70000000002744,684.3975962251554
395.80000000002747,277.1741153098352
395.9000000000275,-108.17043988911439
396.0000000000275,2952.5547571653447
396.10000000002753,5773.158159184949
396.20000000002756,4518.627854850568
396.3000000000276,1444.7550404017675
396.4000000000276,546.6928284332146
396.5000000000276,245.637711910492
396.60000000002765,-55.35156180964293
396.70000000002767,8689.39985329915
396.8000000000277,14355.280147880549
396.9000000000277,9230.05985413508
397.00000000002774,2289.7328610992095
397.10000000002776,-88.1630854545657
397.2000000000278,531.9967745318177
397.3000000000278,384.1208733880258
397.40000000002783,281.5754690649953
397.50000000002785,424.14759781753065
397.6000000000279,541.0522712814588
397.7000000000279,461.92884911376956
397.8000000000279,458.3130433531667
397.90000000002794,448.6598515591861
398.00000000002797,341.6016989279262
398.100000000028,321.7876576009119
398.200000000028,292.80566781863206
398.30000000002804,252.92801196743127
398.40000000002806,280.7282101570176
398.5000000000281,302.6339601265428
398.6000000000281,285.789465115876
398.7000000000281,247.3737568356461
398.80000000002815,232.5003594897392
398.9000000000282,279.69074992865853
399.0000000000282,304.1882606191371
399.1000000000282,242.0289741219928
399.20000000002824,199.6746793184095
399.30000000002826,192.91484352259621
399.4000000000283,168.1396841794141
399.5000000000283,126.18772673610465
399.60000000002833,259.088768142422
399.70000000002835,373.85258230385807
399.8000000000284,298.10317477655263
399.9000000000284,200.8768651492099
400.0000000000284,157.39951389260096
400.10000000002844,159.44383262535058
400.20000000002847,145.05886098403846
400.3000000000285,82.17736114745145
400.4000000000285,331.31285800793285
400.50000000002854,648.8879290999553
400.60000000002856,329.50640798390026
400.7000000000286,94.11828319441805
400.8000000000286,143.14195400694948
400.9000000000286,204.37503309317566
401.00000000002865,162.24440405897658
401.1000000000287,158.05608126274254
401.2000000000287,207.5961421141231
401.3000000000287,212.0075319522348
401.40000000002874,261.33931080505454
401.50000000002876,351.1519174941158
401.6000000000288,392.71654858702
401.7000000000288,310.8021809167604
401.80000000002883,192.57497777592218
401.90000000002885,111.79440469441182
402.0000000000289,109.30459006721433
402.1000000000289,203.5355241275247
402.2000000000289,194.01817729278153
402.30000000002894,109.17668351764382
402.40000000002897,166.12360033691982
402.500000000029,168.4423300655565
402.600000000029,121.3094860241543
402.70000000002904,110.92692062532367
402.80000000002906,115.85319130683729
402.9000000000291,194.47783769298104
403.0000000000291,284.3187441270349
403.1000000000291,286.04410184458186
403.20000000002915,279.96454895848206
403.3000000000292,245.11088275564086
403.4000000000292,183.44635687019172
403.5000000000292,159.69146072132256
403.60000000002924,136.00776552040986
403.70000000002926,132.5508110956134
403.8000000000293,143.6357797209099
403.9000000000293,99.1282691669491
404.00000000002933,269.1209271345989
404.10000000002935,510.27695033602174
404.2000000000294,327.51132351588086
404.3000000000294,-188.0132068340194
404.4000000000294,938.5218124939038
404.50000000002944,3119.249172389086
404.60000000002947,2643.658296564342
404.7000000000295,1059.6450410123882
404.8000000000295,170.80449857022626
404.90000000002954,234.7724921526266
405.00000000002956,229.63710787483416
405.1000000000296,248.9972995877012
405.2000000000296,378.9854656413453
405.3000000000296,367.8518587074434
405.40000000002965,311.66998289085376
405.5000000000297,267.5608180586069
405.6000000000297,283.62006428272764
405.7000000000297,400.73948639435315
405.80000000002974,389.67359737487305
405.90000000002976,338.0151453683454
406.0000000000298,377.55292696131426
406.1000000000298,315.1166677622282
406.20000000002983,1043.8250911322752
406.30000000002985,3469.765240284014
406.4000000000299,6575.210130046343
406.5000000000299,5716.43469992837
406.6000000000299,2623.3248821771676
406.70000000002995,867.7938777765752
406.80000000002997,499.4424750464349
406.90000000003,151.92401342463398
407.00000000003,568.0972843457535
407.10000000003004,2181.015759015979
407.20000000003006,1524.1261900466816
407.3000000000301,388.03003029334377
407.4000000000301,271.9341547380863
407.5000000000301,203.36628163863872
407.60000000003015,556.6149385867297
407.7000000000302,954.2676115729057
407.8000000000302,841.8489047873121
407.9000000000302,415.29074844957177
408.00000000003024,218.61542675206005
408.10000000003026,233.90146818310885
408.2000000000303,262.46766187678486
408.3000000000303,705.0075542714034
408.40000000003033,993.1983153161165
408.50000000003035,764.6007419985324
408.6000000000304,388.9581842543761
408.7000000000304,213.72911907994836
408.8000000000304,286.9703495276665
408.90000000003045,406.3882862736753
409.00000000003047,334.20209853735156
409.1000000000305,233.96535172218807
409.2000000000305,191.0985326280165
409.30000000003054,156.3297262469082
409.40000000003056,138.1708211548614
409.5000000000306,139.10817356032572
409.6000000000306,142.30648191370912
409.7000000000306,137.1735537377378
409.80000000003065,169.42995920245428
409.9000000000307,191.92764171860398
410.0000000000307,166.80454660644554
410.1000000000307,151.79724203307057
410.20000000003074,144.94371374207904
410.30000000003076,159.3261607149081
410.4000000000308,187.3235216732666
410.5000000000308,146.4836037580372
410.60000000003083,144.66132212875607
410.70000000003085,188.4798395005305
410.8000000000309,162.0122141542832
410.9000000000309,174.0955272563307
411.0000000000309,169.49771656947166
411.10000000003095,112.4779251910372
411.20000000003097,129.87438262496056
411.300000000031,151.1037404842093
411.400000000031,158.49169470795363
411.50000000003104,163.58865047327464
411.60000000003106,108.67332303408074
411.7000000000311,237.75073027011263
411.8000000000311,443.17044487512675
411.9000000000311,349.76430123959403
412.00000000003115,235.3149526489097
412.1000000000312,205.40528917914818
412.2000000000312,232.0652222791653
412.3000000000312,295.38531427648184
412.40000000003124,264.9853080813653
412.50000000003126,246.89102673860978
412.6000000000313,355.9420809995055
412.7000000000313,385.51384572998796
412.80000000003133,373.4923118169287
412.90000000003135,318.13543504296354
413.0000000000314,281.06890580743425
413.1000000000314,719.5431669537768
413.2000000000314,813.990734200638
413.30000000003145,338.6753215576684
413.40000000003147,341.2689333948066
413.5000000000315,318.67508129400676
413.6000000000315,196.93163864519525
413.70000000003154,215.85083843909828
413.80000000003156,201.55346486241274
413.9000000000316,177.80249412671384
414.0000000000316,143.382357110106
414.1000000000316,98.21526093470406
414.20000000003165,271.4420226677794
414.3000000000317,791.4690600565148
414.4000000000317,1054.1440880196308
414.5000000000317,330.82520711012717
414.60000000003174,57.500088763298876
414.70000000003176,207.31536719954622
414.8000000000318,149.65615046356973
414.9000000000318,154.63624999556836
415.00000000003183,179.08857907143616
415.10000000003186,160.41973180272416
415.2000000000319,157.89622699856378
415.3000000000319,274.0644736279324
415.4000000000319,348.75632913615397
415.50000000003195,321.01157200861064
415.60000000003197,307.7633167891729
415.700000000032,287.649332518865
415.800000000032,310.2001567649022
415.90000000003204,352.8177444141801
416.00000000003206,279.832975828533
416.1000000000321,222.55990223676156
416.2000000000321,228.69402921722363
416.3000000000321,233.1409262167523
416.40000000003215,193.88474852907112
416.5000000000322,185.88205294461466
416.6000000000322,196.24750317897357
416.7000000000322,154.30191476071442
416.80000000003224,141.1422057054495
416.90000000003226,152.09202941326598
417.0000000000323,186.92030709400336
417.1000000000323,268.4638617009998
417.20000000003233,267.843775900449
417.30000000003236,185.60682788068897
417.4000000000324,149.9959539306263
417.5000000000324,255.56569214189707
417.6000000000324,268.84388214818114
417.70000000003245,203.3745710648471
417.80000000003247,201.4666681330971
417.9000000000325,133.264434961215
418.0000000000325,200.41933447888067
418.10000000003254,394.7716926172149
418.20000000003256,427.82243076456876
418.3000000000326,308.71148284577936
418.4000000000326,219.7223422386712
418.5000000000326,258.5454617832965
418.60000000003265,362.0835837920124
418.7000000000327,582.4384557721065
418.8000000000327,569.2158921668829
418.9000000000327,226.71423657448486
419.00000000003274,245.34546924339062
419.10000000003276,349.357674179777
419.2000000000328,300.89328112556825
419.3000000000328,211.65228940078993
419.40000000003283,203.7337127547538
419.50000000003286,288.3870934093802
419.6000000000329,281.86940606107373
419.7000000000329,190.73135043964982
419.8000000000329,873.7830156359028
419.90000000003295,1066.3435984874377
420.00000000003297,386.38083372527205
420.100000000033,749.2923193988971
420.200000000033,796.5455802429041
420.30000000003304,363.79720423924994
420.40000000003306,236.45089246326745
420.5000000000331,190.56604549443435
420.6000000000331,175.99414584985362
420.7000000000331,181.1886310763664
420.80000000003315,181.15875728351813
420.9000000000332,233.6154818286152
421.0000000000332,265.8892471965538
421.1000000000332,245.139555769686
421.20000000003324,210.66857083105086
421.30000000003326,99.85658776872869
421.4000000000333,310.8305112446874
421.5000000000333,706.1285516530038
421.60000000003333,383.0920272246632
421.70000000003336,137.9435331242646
421.8000000000334,267.11394896634584
421.9000000000334,388.1681412261302
422.0000000000334,262.11329406109337
422.10000000003345,170.41634768268412
422.20000000003347,260.1302196295047
422.3000000000335,295.04853837649586
422.4000000000335,22.06603939088899
422.50000000003354,714.3963177255315
422.60000000003356,2054.409890613603
422.7000000000336,1947.7134182940238
422.8000000000336,882.5372269701236
422.90000000003363,155.05470717313625
423.00000000003365,182.59846512999445
423.1000000000337,152.08746814887058
423.2000000000337,223.16012047519044
423.3000000000337,319.56516559730767
423.40000000003374,316.0493713666035
423.50000000003376,501.01372739642886
423.6000000000338,461.76749728393474
423.7000000000338,253.8430889732686
423.80000000003383,269.79302904659505
423.90000000003386,278.92708675658463
424.0000000000339,250.91577726596262
424.1000000000339,286.8595814267021
424.2000000000339,390.4370509961843
424.30000000003395,305.0518323832813
424.40000000003397,181.12216360435394
424.500000000034,186.3912306282159
424.600000000034,221.61370684997468
424.70000000003404,287.793060443369
424.80000000003406,225.44161079178508
424.9000000000341,234.0860652264767
425.0000000000341,873.7982961816066
425.10000000003413,760.7853699961914
425.20000000003415,126.61545262520448
425.3000000000342,133.99070112068028
425.4000000000342,235.1303323642077
425.5000000000342,197.0886532322674
425.60000000003424,127.7892576551268
425.70000000003427,127.8343474239073
425.8000000000343,33.627932916079104
425.9000000000343,429.1306031152267
426.00000000003433,1038.0023714477736
426.10000000003436,713.572953403021
426.2000000000344,272.9502970488442
426.3000000000344,140.6219295051945
426.4000000000344,165.6516165357049
426.50000000003445,134.18292466449546
426.60000000003447,162.65888673286292
426.7000000000345,255.04202544252945
426.8000000000345,223.9186969599431
426.90000000003454,13.632327817768697
427.00000000003456,602.1256108187392
427.1000000000346,1602.517854836669
427.2000000000346,1642.5875409924242
427.30000000003463,664.8718747617545
427.40000000003465,77.84829878185278
427.5000000000347,215.87448650128897
427.6000000000347,158.5395432200313
427.7000000000347,102.30515270501525
427.80000000003474,115.21427127976251
427.90000000003477,117.6926284626066
428.0000000000348,100.11169566786626
428.1000000000348,183.6543765618076
428.20000000003483,256.69498558023565
428.30000000003486,202.3100475714423
428.4000000000349,130.77279893365082
428.5000000000349,125.00317231579896
428.6000000000349,143.36614789133637
428.70000000003495,128.59859799375772
428.80000000003497,138.67006764432057
428.900000000035,198.0422649609063
429.000000000035,231.34195483552074
429.10000000003504,157.87884307427592
429.20000000003506,74.43243665017164
429.3000000000351,228.28619465032554
429.4000000000351,394.5523703663152
429.50000000003513,174.97497528183214
429.60000000003515,92.0803154410487
429.7000000000352,111.0124190024344
429.8000000000352,205.45147472149236
429.9000000000352,531.101822844934
430.00000000003524,478.79544709848153
430.10000000003527,340.19568696365917
430.2000000000353,398.89654404158586
430.3000000000353,230.57027861134048
430.40000000003533,223.80090818485186
430.50000000003536,86.51072272543625
430.6000000000354,90.39197436523165
430.7000000000354,1629.518497107821
430.8000000000354,1699.9559759084627
430.90000000003545,429.1460384514305
431.00000000003547,161.62642539439977
431.1000000000355,169.1950768846132
431.2000000000355,98.61790135104428
431.30000000003554,173.4749944595415
431.40000000003556,722.2125168160226
431.5000000000356,1499.8229854683927
431.6000000000356,1199.2215021136903
431.70000000003563,175.4031623715173
431.80000000003565,181.20787679403324
431.9000000000357,211.75129393276103
432.0000000000357,124.62965734250061
432.1000000000357,185.68372972571893
432.20000000003574,187.15050054661492
432.30000000003577,-76.67113762292786
432.4000000000358,396.0494926306802
432.5000000000358,1586.9813419728503
432.60000000003583,1414.1366324158914
432.70000000003586,580.6841469279701
432.8000000000359,78.40347630577304
432.9000000000359,91.52409330434598
433.0000000000359,117.82430009520587
433.10000000003595,107.9507321225016
433.20000000003597,127.13761075541363
433.300000000036,161.32832709585722
433.400000000036,147.56015147585398
433.50000000003604,139.90451714973955
433.60000000003606,169.38100229092268
433.7000000000361,190.24372190489808
433.8000000000361,150.71255582343076
433.90000000003613,107.5267615331906
434.00000000003615,102.0210075421262
434.1000000000362,105.37669153919845
434.2000000000362,97.47764815130915
434.3000000000362,95.8091087392382
434.40000000003624,110.49297697638491
434.50000000003627,121.16276712136289
434.6000000000363,117.08553532287965
434.7000000000363,101.65535470375457
434.80000000003633,83.72785422049212
434.90000000003636,71.73603854944614
435.0000000000364,80.27540274320646
435.1000000000364,116.02007062990187
435.2000000000364,153.90339908926117
435.30000000003645,146.47270510763715
435.40000000003647,134.67256361092487
435.5000000000365,96.2197403246174
435.6000000000365,49.062207846273665
435.70000000003654,171.22389843711582
435.80000000003656,346.9784153822789
435.9000000000366,348.9405661762659
436.0000000000366,145.826372574139
436.10000000003663,81.52011802959647
436.20000000003665,97.85657716096809
436.3000000000367,104.1588201050028
436.4000000000367,118.10953873586128
436.5000000000367,75.15899492037735
436.60000000003674,57.056184620092495
436.70000000003677,92.55216057867831
436.8000000000368,106.66547209350561
436.9000000000368,129.36528516134845
437.00000000003683,120.77129300206649
437.10000000003686,80.4367662673329
437.2000000000369,83.4769361894263
437.3000000000369,94.83281411754079
437.4000000000369,118.91253419790375
437.50000000003695,133.38264258079917
437.60000000003697,80.33064374872768
437.700000000037,97.80399515909923
437.800000000037,117.46273135475049
437.90000000003704,130.53403360067458
438.00000000003706,252.51898604346377
438.1000000000371,-242.29389919310387
438.2000000000371,592.6008656821684
438.30000000003713,2987.4014983009274
438.40000000003715,1902.535873561224
438.5000000000372,346.13479663253753
438.6000000000372,115.59782183538256
438.7000000000372,145.23568171001133
438.80000000003724,156.36608159938513
438.90000000003727,110.06228964021884
439.0000000000373,81.76862953750944
439.1000000000373,119.94701371049868
439.20000000003733,104.99645464575806
439.30000000003736,98.28453955926848
439.4000000000374,157.96161208975076
439.5000000000374,219.52451875816226
439.6000000000374,158.87869385301204
439.70000000003745,83.35944909229386
439.80000000003747,86.88414356648103
439.9000000000375,119.30447356633223
440.0000000000375,120.78120420428058
440.10000000003754,173.8884901603323
440.20000000003756,111.14276271264121
440.3000000000376,-36.340926722544225
440.4000000000376,1180.9493902080508
440.50000000003763,1519.3038716072463
440.60000000003765,182.30456912861717
440.7000000000377,61.220140950928496
440.8000000000377,153.32937863913116
440.9000000000377,76.20089592477042
441.00000000003774,94.84962829729287
441.10000000003777,91.7367675332382
441.2000000000378,85.77320152526616
441.3000000000378,92.0488667422029
441.40000000003783,224.07718999447715
441.50000000003786,582.0849830850116
441.6000000000379,427.025342611453
441.7000000000379,76.22951342611543
441.8000000000379,120.63519597696721
441.90000000003795,122.668866779958
442.00000000003797,83.14281615997886
442.100000000038,85.00801033305247
442.200000000038,112.6512776728288
442.30000000003804,104.13253203251737
442.40000000003806,90.84849982413452
442.5000000000381,104.24202915954044
442.6000000000381,137.74352342522462
442.70000000003813,159.7673688822965
442.80000000003815,125.9211749528303
442.9000000000382,87.04548857596863
443.0000000000382,108.96323026433821
443.1000000000382,106.79189685711843
443.20000000003824,79.75500008353887
443.30000000003827,106.83967013520964
443.4000000000383,180.63271770542707
443.5000000000383,102.76965377911304
443.60000000003834,340.68734718508165
443.70000000003836,694.0955540337766
443.8000000000384,464.2454761048482
443.9000000000384,191.0119851414422
444.0000000000384,97.19897604087723
444.10000000003845,111.8252301830997
444.2000000000385,141.8509562808782
444.3000000000385,190.45859927601708
444.4000000000385,172.67115412133063
444.50000000003854,98.05082725599345
444.60000000003856,93.30691628452145
444.7000000000386,121.13483886773793
444.8000000000386,124.34594750042442
444.90000000003863,104.98027775384055
445.00000000003865,111.12104691991422
445.1000000000387,126.36021874951594
445.2000000000387,113.82577954545587
445.3000000000387,127.78166219620906
445.40000000003874,252.45511580988287
445.50000000003877,271.6270350235301
445.6000000000388,172.09675346617453
445.7000000000388,97.17359957121653
445.80000000003884,129.77830268036521
445.90000000003886,148.5182178368669
446.0000000000389,142.846753511186
446.1000000000389,144.59367610440427
446.2000000000389,122.10625772196332
446.30000000003895,102.98652389465073
446.400000000039,105.04781639356116
446.500000000039,159.96832844621912
446.600000000039,283.036299840722
446.70000000003904,261.1033710554586
446.80000000003906,170.2942013886344
446.9000000000391,160.77443423278038
447.0000000000391,142.38178710448773
447.10000000003913,105.07316307782251
447.20000000003915,95.01964387841728
447.3000000000392,109.24262087569893
447.4000000000392,83.21821210800886
447.5000000000392,169.5231276584144
447.60000000003924,248.52128195920693
447.70000000003927,168.3774456378591
447.8000000000393,113.37875650353004
447.9000000000393,102.07442250874286
448.00000000003934,117.58382057307158
448.10000000003936,148.0324217051545
448.2000000000394,158.48963607570263
448.3000000000394,128.65240050896384
448.4000000000394,144.06267123748808
448.50000000003945,148.11807148043212
448.6000000000395,-45.65569256785753
448.7000000000395,657.1894000156394
448.8000000000395,1549.9180119753078
448.90000000003954,1222.8762337791761
449.00000000003956,406.67037194291373
449.1000000000396,82.66077439816904
449.2000000000396,173.32592619366423
449.30000000003963,137.79105942259062
449.40000000003965,179.65911651566276
449.5000000000397,168.1416113080396
449.6000000000397,97.33831236263889
449.7000000000397,96.80164883925745
449.80000000003974,111.83743180004657
449.90000000003977,111.37047038890613
450.0000000000398,131.8884084948799
450.1000000000398,169.8750986546643
450.20000000003984,98.98473525596026
450.30000000003986,62.39131597026914
450.4000000000399,87.41065781126983
450.5000000000399,74.39203381223993
450.6000000000399,60.335117654168066
450.70000000003995,95.26343437131405
450.80000000004,117.98142234596767
450.90000000004,66.5224166063068
451.00000000004,60.92152698710272
451.10000000004004,93.00323502593348
451.20000000004006,105.1821851599696
451.3000000000401,87.27768176402455
451.4000000000401,101.21216677538322
451.50000000004013,113.31373827207408
451.60000000004015,103.02369376207993
451.7000000000402,95.36483122186335
451.8000000000402,104.75149912618005
451.9000000000402,104.11665107087232
452.00000000004025,91.93844345422406
452.10000000004027,94.7911164066714
452.2000000000403,113.46885323341623
452.3000000000403,109.8855468865823
452.40000000004034,105.95583531919145
452.50000000004036,129.69492921290197
452.6000000000404,105.8762713278918
452.7000000000404,113.80783393074576
452.8000000000404,167.68087523214024
452.90000000004045,186.66105134678168
453.0000000000405,148.3018683893945
453.1000000000405,105.71306343725082
453.2000000000405,125.56898395199025
453.30000000004054,202.69619941294656
453.40000000004056,226.27271450901975
453.5000000000406,230.56081713802232
453.6000000000406,185.53455113212772
453.70000000004063,77.31755298870777
453.80000000004065,98.9583027976444
453.9000000000407,111.12245430820913
454.0000000000407,73.02967177148483
454.1000000000407,79.09974069971044
454.20000000004075,88.60352090336232
454.30000000004077,96.2856978884084
454.4000000000408,95.64301902600424
454.5000000000408,76.19928858940249
454.60000000004084,59.95301589803688
454.70000000004086,88.7340670124106
454.8000000000409,176.0649930181954
454.9000000000409,263.44978668545093
455.0000000000409,232.90422928600358
455.10000000004095,121.59574404922435
455.200000000041,148.0322448334047
455.300000000041,454.88531601891594
455.400000000041,768.0258756586431
455.50000000004104,552.5807289576338
455.60000000004106,132.49864514268148
455.7000000000411,88.58019222647977
455.8000000000411,94.04183884398753
455.90000000004113,105.97627470444826
456.00000000004115,113.86532394939414
456.1000000000412,86.22026034689915
456.2000000000412,86.97536570320389
456.3000000000412,143.0585479137443
456.40000000004125,149.16591029678287
456.50000000004127,74.98131244434053
456.6000000000413,109.89342926586487
456.7000000000413,95.17653299361027
456.80000000004134,56.727123297225745
456.90000000004136,85.60018031952463
457.0000000000414,65.29964497028232
457.1000000000414,144.09440876997965
457.2000000000414,198.83086476009933
457.30000000004145,105.57011114522624
457.4000000000415,92.75456416273671
457.5000000000415,89.10954031476109
457.6000000000415,84.43960462751917
457.70000000004154,107.57740786035525
457.80000000004156,100.83561820980037
457.9000000000416,90.3384924608819
458.0000000000416,90.22285937336443
458.10000000004163,91.69916383198434
458.20000000004165,95.78687094802031
458.3000000000417,128.53296331648153
458.4000000000417,145.97169390224857
458.5000000000417,130.62587542288722
458.60000000004175,145.38244906114352
458.70000000004177,151.45559065287907
458.8000000000418,112.27482087209125
458.9000000000418,88.35587188442209
459.00000000004184,161.95783597703826
459.10000000004186,138.57872993541852
459.2000000000419,93.47091593939605
459.3000000000419,115.55478178106814
459.4000000000419,112.82517455016487
459.50000000004195,134.9064828726152
459.600000000042,126.71807202491324
459.700000000042,86.76875731463119
459.800000000042,108.63615970935703
459.90000000004204,112.66397735683816
460.00000000004206,120.15247112252752
460.1000000000421,130.8305210614998
460.2000000000421,94.95444555813795
460.30000000004213,102.44611361334593
460.40000000004216,127.54226578006937
460.5000000000422,68.73186450246189
460.6000000000422,102.55316085569875
460.7000000000422,856.422426746377
460.80000000004225,955.4391493001821
460.90000000004227,263.34951634692925
461.0000000000423,118.67129772091533
461.1000000000423,133.86949023426578
461.20000000004234,133.87175890891015
461.30000000004236,112.30708020223591
461.4000000000424,69.0071095068155
461.5000000000424,70.6499768712512
461.6000000000424,114.21797202346518
461.70000000004245,131.37547603407813
461.8000000000425,90.87848273834801
461.9000000000425,86.24845726326552
462.0000000000425,117.08624709007358
462.10000000004254,112.09475482423044
462.20000000004256,65.2906833648467
462.3000000000426,97.7987896578039
462.4000000000426,102.97276547015208
462.50000000004263,77.93116373990895
462.60000000004266,92.8526574984092
462.7000000000427,105.26811377299234
462.8000000000427,79.80864859929959
462.9000000000427,77.06019670591117
463.00000000004275,115.64072644661013
463.10000000004277,90.64926561921514
463.2000000000428,73.31156687848815
463.3000000000428,81.83890542693743
463.40000000004284,87.82373288014456
463.50000000004286,88.22969830817361
463.6000000000429,75.05653348312808
463.7000000000429,74.84711602156626
463.8000000000429,98.15489779954207
463.90000000004295,114.25378220966127
464.000000000043,118.19954007748838
464.100000000043,88.76137968819243
464.200000000043,56.328814165650954
464.30000000004304,82.61742540592083
464.40000000004306,101.68853476485968
464.5000000000431,96.80641208239342
464.6000000000431,97.67062363818029
464.70000000004313,117.5591657925711
464.80000000004316,107.66327264692077
464.9000000000432,99.41922924803912
465.0000000000432,100.05878215275693
465.1000000000432,86.6966777182222
465.20000000004325,100.25103490071366
465.30000000004327,97.53703951464696
465.4000000000433,83.7174457222161
465.5000000000433,102.33851972563049
465.60000000004334,115.63186645543726
465.70000000004336,84.40416701873609
465.8000000000434,66.1270471664317
465.9000000000434,94.68502242943684
466.0000000000434,67.55201204347267
466.10000000004345,98.0743004730962
466.2000000000435,137.4418220574312
466.3000000000435,102.1044593335495
466.4000000000435,102.91580365721882
466.50000000004354,127.0207352105224
466.60000000004356,137.2043657530818
466.7000000000436,142.37662560331194
466.8000000000436,169.5384921765139
466.90000000004363,131.42724701841811
467.00000000004366,100.75782481749152
467.1000000000437,123.41603678949252
467.2000000000437,110.2356922706986
467.3000000000437,99.45712351563459
467.40000000004375,94.9738543713302
467.50000000004377,92.17843285255346
467.6000000000438,97.02182356500303
467.7000000000438,83.48209828797556
467.80000000004384,113.79533300485095
467.90000000004386,149.43795812740373
468.0000000000439,103.81029525846509
468.1000000000439,100.61745095586242
468.20000000004393,116.52268693905424
468.30000000004395,99.41974720350402
468.400000000044,66.67916387605815
468.500000000044,81.19424060863811
468.600000000044,101.43963044836323
468.70000000004404,92.40127807271521
468.80000000004407,70.26666490356088
468.9000000000441,73.11762100488662
469.0000000000441,102.62549846417852
469.10000000004413,110.94664264364009
469.20000000004416,81.46475548555934
469.3000000000442,74.53707350640673
469.4000000000442,94.58165032708045
469.5000000000442,103.99033365014593
469.60000000004425,91.06293233935271
469.70000000004427,87.42079767578477
469.8000000000443,82.97843387192901
469.9000000000443,91.97067579556976
470.00000000004434,116.31525824194836
470.10000000004436,126.78130980409104
470.2000000000444,112.33502988378845
470.3000000000444,103.70865648099982
470.40000000004443,107.83886235802619
470.50000000004445,97.71399522426024
470.6000000000445,74.51554676804517
470.7000000000445,89.41818691753146
470.8000000000445,116.66452406574253
470.90000000004454,104.5669557217572
471.00000000004457,105.59692461380375
471.1000000000446,114.14966948154
471.2000000000446,99.24975927617083
471.30000000004463,70.85541975860662
471.40000000004466,85.35501570411671
471.5000000000447,93.62625619178142
471.6000000000447,88.87007076158073
471.7000000000447,88.58248340950176
471.80000000004475,83.8696380781205
471.90000000004477,88.48278629815013
472.0000000000448,98.31288475378214
472.1000000000448,96.51906020502592
472.20000000004484,86.44620077400941
472.30000000004486,114.7191379473542
472.4000000000449,126.76168382342702
472.5000000000449,101.89612484614611
472.60000000004493,96.35107206843784
472.70000000004495,122.79524266994454
472.800000000045,125.7089237506899
472.900000000045,110.75341540393569
473.000000000045,113.40748176434471
473.10000000004504,90.47585421609587
473.20000000004507,75.22400291585203
473.3000000000451,91.34006679187767
473.4000000000451,115.5492290438435
473.50000000004513,123.51093685165094
473.60000000004516,193.01511042136974
473.7000000000452,190.9287482247099
473.8000000000452,92.56870276521944
473.9000000000452,116.69086815217752
474.00000000004525,88.93051308015389
474.10000000004527,77.03604318999358
474.2000000000453,125.51786551318345
474.3000000000453,115.06618672205599
474.40000000004534,118.96232946563403
474.50000000004536,129.6038680743999
474.6000000000454,120.83769716173124
474.7000000000454,107.93251141052974
474.80000000004543,116.705096625885
474.90000000004545,126.90286826708413
475.0000000000455,127.51301641399164
475.1000000000455,124.92362896364425
475.2000000000455,119.44856509012249
475.30000000004554,119.91969071452918
475.40000000004557,112.65644257870238
475.5000000000456,90.11970391585926
475.6000000000456,78.91973161595233
475.70000000004563,94.46200443389914
475.80000000004566,103.32352273857178
475.9000000000457,104.50711676074529
476.0000000000457,136.95732800641645
476.1000000000457,147.06821977650637
476.20000000004575,111.31805584469606
476.30000000004577,91.9299107325813
476.4000000000458,144.2367085685632
476.5000000000458,169.11157119327524
476.60000000004584,154.53298015392713
476.70000000004586,140.98673227240914
476.8000000000459,153.68667494160516
476.9000000000459,162.88251872226903
477.00000000004593,113.05754608787204
477.10000000004595,99.49268016941356
477.200000000046,151.96457932959635
477.300000000046,112.41483215210204
477.400000000046,103.22699406040518
477.50000000004604,150.58461710420033
477.60000000004607,173.01819706739192
477.7000000000461,126.37028427889463
477.8000000000461,108.89179823299439
477.90000000004613,143.26271544450694
478.00000000004616,174.4799214570124
478.1000000000462,170.43949648667254
478.2000000000462,200.54386648561302
478.3000000000462,214.21073883224457
478.40000000004625,213.87849812437722
478.50000000004627,241.650665751226
478.6000000000463,267.62937496536097
478.7000000000463,301.0599333967854
478.80000000004634,387.88000961492884
478.90000000004636,527.4299328811913
479.0000000000464,722.3966548375344
479.1000000000464,1593.1616147198051
479.20000000004643,6149.823805029736
479.30000000004645,9480.697225289532
479.4000000000465,4030.3050161518554
479.5000000000465,1413.9795554223315
479.6000000000465,1243.3853309800272
479.70000000004654,746.3125495463088
479.80000000004657,538.714908853766
479.9000000000466,432.63486763247136
480.0000000000466,389.74571800217905
480.10000000004663,329.63973919811025
480.20000000004666,237.53117875180743
480.3000000000467,272.01510792372056
480.4000000000467,258.39002875078364
480.5000000000467,233.38753046041916
480.60000000004675,242.42455216587476
480.70000000004677,206.08845650796567
480.8000000000468,273.52252049126145
480.9000000000468,272.1445934851703
481.00000000004684,526.9387777037629
481.10000000004686,1206.6738309763468
481.2000000000469,949.2480211588685
481.3000000000469,451.5099037943216
481.40000000004693,270.6221231664467
481.50000000004695,217.44445890241616
481.600000000047,180.8298153274254
481.700000000047,136.94716038880486
481.800000000047,140.2906200214167
481.90000000004704,175.96791503299065
482.00000000004707,141.73094283577478
482.1000000000471,114.70097448868823
482.2000000000471,128.3882577445431
482.30000000004713,146.11413834808982
482.40000000004716,133.34622661536238
482.5000000000472,129.31868938788892
482.6000000000472,127.3526876333299
482.7000000000472,112.39074968793555
482.80000000004725,105.92810896314622
482.90000000004727,144.95618340115007
483.0000000000473,141.31413898905603
483.1000000000473,111.17988561498328
483.20000000004734,120.56044588598921
483.30000000004736,150.69796980978433
483.4000000000474,123.56750697439207
483.5000000000474,110.74133652410384
483.60000000004743,132.52865733564704
483.70000000004745,116.82909358328757
483.8000000000475,111.5879543440664
483.9000000000475,105.24940455022322
484.0000000000475,108.28295211971967
484.10000000004754,135.9580086504402
484.20000000004757,142.1300736042462
484.3000000000476,132.7181623003422
484.4000000000476,122.41339792052133
484.50000000004763,119.93341401147063
484.60000000004766,123.37318722852442
484.7000000000477,109.42726918789765
484.8000000000477,127.73154048183956
484.9000000000477,166.89774062795234
485.00000000004775,147.74100320333315
485.10000000004777,98.78956983907942
485.2000000000478,119.97928147791845
485.3000000000478,154.90594311584937
485.40000000004784,133.60554184316447
485.50000000004786,167.33455128435105
485.6000000000479,156.07729054829682
485.7000000000479,129.47716956244855
485.80000000004793,156.11301162507127
485.90000000004795,195.3815966151245
486.000000000048,210.5121463126553
486.100000000048,172.9365301080226
486.200000000048,132.229175767753
486.30000000004804,139.56226933578424
486.40000000004807,108.45034022274272
486.5000000000481,102.03517874373286
486.6000000000481,131.10514733586584
486.70000000004814,154.9286720072561
486.80000000004816,168.62998042032768
486.9000000000482,116.64531355196057
487.0000000000482,197.43910542284516
487.1000000000482,408.7496724283683
487.20000000004825,423.4476340243227
487.30000000004827,260.93833892330883
487.4000000000483,153.3392544055399
487.5000000000483,145.24484356388416
487.60000000004834,132.35361358014725
487.70000000004836,163.03633293700503
487.8000000000484,211.65903942786093
487.9000000000484,188.44466015134537
488.00000000004843,115.09794535457867
488.10000000004845,134.83020264102686
488.2000000000485,140.6193072281552
488.3000000000485,128.27900749656223
488.4000000000485,142.199698076377
488.50000000004854,164.9798691946766
488.60000000004857,138.31703613784794
488.7000000000486,110.86841597770712
488.8000000000486,100.4504463491031
488.90000000004864,131.96178577140253
489.00000000004866,317.424947927279
489.1000000000487,615.0890902517431
489.2000000000487,554.452115972967
489.3000000000487,176.90510733721337
489.40000000004875,127.58448975334173
489.5000000000488,126.63085165148333
489.6000000000488,129.0346174168804
489.7000000000488,150.69110816122443
489.80000000004884,140.58753055602247
489.90000000004886,128.85001394820665
490.0000000000489,117.22003248574174
490.1000000000489,133.59799248144643
490.20000000004893,173.15398634263033
490.30000000004895,177.48206312413862
490.400000000049,182.22098518465458
490.500000000049,149.11842884741966
490.600000000049,103.60181669942727
490.70000000004904,109.56729240407834
490.80000000004907,83.81888916551146
490.9000000000491,111.19963631636428
491.0000000000491,144.5799275641584
491.10000000004914,121.71131448179386
491.20000000004916,145.7818980545505
491.3000000000492,117.1855899270542
491.4000000000492,99.32034180909889
491.5000000000492,123.25005652635716
491.60000000004925,96.98047199610106
491.7000000000493,80.44007360174129
491.8000000000493,182.23801770454824
491.9000000000493,494.30226774190254
492.00000000004934,806.4388014081336
492.10000000004936,614.4801224300793
492.2000000000494,277.26076408784064
492.3000000000494,215.99734229893508
492.40000000004943,318.25568610723764
492.50000000004945,186.43120644117423
492.6000000000495,106.50063856573644
492.7000000000495,108.89587593435982
492.8000000000495,123.95386144272663
492.90000000004954,138.37410520495865
493.00000000004957,136.1560408497697
493.1000000000496,119.99293661836296
493.2000000000496,113.76433975497525
493.30000000004964,270.6272100143367
493.40000000004966,592.1623004313483
493.5000000000497,320.915756833343
493.6000000000497,54.028336200449466
493.7000000000497,128.64296575405058
493.80000000004975,163.8134827218735
493.9000000000498,196.86213953682528
494.0000000000498,194.01123318452576
494.1000000000498,158.98225852434356
494.20000000004984,132.4982352102358
494.30000000004986,124.74212857760187
494.4000000000499,126.80991949059445
494.5000000000499,134.18820326022944
494.60000000004993,164.35500014110795
494.70000000004995,197.91783284010634
494.80000000005,146.1132207240221
494.90000000005,152.5806540711773
495.00000000005,173.09235481743437
495.10000000005004,140.48415466058506
495.20000000005007,162.77858269342676
495.3000000000501,132.0457460554165
495.4000000000501,154.22491474238808
495.50000000005014,80.55069933178353
495.60000000005016,75.01074215506179
495.7000000000502,1180.3887627648655
495.8000000000502,1139.9017831358328
495.9000000000502,293.45094953889577
496.00000000005025,155.9354260147584
496.1000000000503,106.14666271151066
496.2000000000503,117.06562594733174
496.3000000000503,123.33227751484542
496.40000000005034,108.65241950828131
496.50000000005036,135.8942993740762
496.6000000000504,117.54870423694535
496.7000000000504,100.08117407568852
496.80000000005043,109.09635980565197
496.90000000005045,116.57170380192358
497.0000000000505,107.73447367670045
497.1000000000505,109.99150506651229
497.2000000000505,102.64644729786751
497.30000000005055,101.88833838393668
497.40000000005057,126.98190565958248
497.5000000000506,95.98780407172733
497.6000000000506,98.26406841121137
497.70000000005064,100.44200548352505
497.80000000005066,80.24792460400252
497.9000000000507,132.4484650867367
498.0000000000507,111.31062605444588
498.1000000000507,157.12441704694302
498.20000000005075,273.96144262770247
498.3000000000508,278.44188767063395
498.4000000000508,221.36260954143665
498.5000000000508,181.37349144152415
498.60000000005084,155.4465054627034
498.70000000005086,122.25380948865514
498.8000000000509,103.01546792405595
498.9000000000509,99.98464946706592
499.00000000005093,150.55547966184187
499.10000000005095,186.65623560161035
499.200000000051,130.26961989879862
499.300000000051,92.84618994262527
499.400000000051,92.25226313644207
499.50000000005105,91.95205352091742
499.60000000005107,94.20339558811395
499.7000000000511,127.11275089885419
499.8000000000511,120.28169776716359
499.90000000005114,123.83179195513216
500.00000000005116,128.03360556146197
500.1000000000512,126.927111231276
500.2000000000512,221.14387776941504
500.3000000000512,178.70731647583256
500.40000000005125,88.42325984219991
500.5000000000513,159.06384347087808
500.6000000000513,323.7504356637391
500.7000000000513,271.0174769750482
500.80000000005134,144.3390411429045
500.90000000005136,99.1073268007746
501.0000000000514,106.77180477520328
501.1000000000514,97.37515097589262
501.20000000005143,97.27085348056472
501.30000000005145,136.32480887377199
501.4000000000515,183.0124154818115
501.5000000000515,164.38227591039296
501.6000000000515,88.41282108871205
501.70000000005155,190.0843990757959
501.80000000005157,313.6010901465466
501.9000000000516,240.02977906732738
502.0000000000516,134.16949827804387
502.10000000005164,89.32196939363872
502.20000000005166,133.5002262876486
502.3000000000517,169.27540136199462
502.4000000000517,107.8163749588255
502.5000000000517,68.49200719779918
502.60000000005175,100.76113208791924
502.7000000000518,113.1845432127522
502.8000000000518,81.59569033955037
502.9000000000518,94.43599908026653
503.00000000005184,74.83113763453166
503.10000000005186,68.92163717489855
503.2000000000519,74.01581357585569
503.3000000000519,57.68367766379425
503.40000000005193,79.74278999141202
503.50000000005195,121.81234392410994
503.600000000052,143.93027695656937
503.700000000052,120.97594643508795
503.800000000052,82.09354422029836
503.90000000005205,112.80452188863774
504.00000000005207,139.2965555681496
504.1000000000521,140.70921040881035
504.2000000000521,136.36023913613838
504.30000000005214,107.02010077809297
504.40000000005216,91.74047560967533
504.5000000000522,89.90281204554503
504.6000000000522,77.59852903450458
504.7000000000522,61.58215187613256
504.80000000005225,85.86781830248889
504.9000000000523,110.68790963906305
505.0000000000523,121.09856599576136
505.1000000000523,114.94931229782019
505.20000000005234,92.69311026567009
505.30000000005236,97.64190003656496
505.4000000000524,73.63803344241363
505.5000000000524,75.70576525585007
505.60000000005243,127.11361569399452
505.70000000005246,96.33480503544835
505.8000000000525,116.66072127896656
505.9000000000525,120.31872070956115
506.0000000000525,96.91531447197184
506.10000000005255,122.48543648404959
506.20000000005257,108.38806453991468
506.3000000000526,185.40203564333427
506.4000000000526,401.2537870605073
506.50000000005264,482.8575849681983
506.60000000005266,195.2736872677918
506.7000000000527,77.2377722927393
506.8000000000527,109.32074053036109
506.9000000000527,117.3259896698971
507.00000000005275,82.61551169260508
507.1000000000528,69.79621602142345
507.2000000000528,95.83461576752157
507.3000000000528,134.7086452681929
507.40000000005284,145.8769367503185
507.50000000005286,121.04061505532819
507.6000000000529,108.00737999637599
507.7000000000529,110.85255198962005
507.80000000005293,121.41339014205553
507.90000000005296,128.91012229247315
508.000000000053,120.40927586897446
508.100000000053,99.96584838013788
508.200000000053,107.05288201456833
508.30000000005305,113.53228536278813
508.40000000005307,94.45783156563508
508.5000000000531,101.30419280557886
508.6000000000531,85.95422497113879
508.70000000005314,105.76596163249793
508.80000000005316,136.16410304140769
508.9000000000532,105.50083143714569
509.0000000000532,108.85324369434196
509.1000000000532,101.31869758729833
509.20000000005325,83.3352800606264
509.3000000000533,87.90021358974964
509.4000000000533,101.87066969056795
509.5000000000533,88.43670549416431
509.60000000005334,100.14410473574881
509.70000000005336,119.77149428816895
509.8000000000534,114.84527621784362
509.9000000000534,128.45122157355587
510.00000000005343,138.4317382391157
510.10000000005346,130.04407452129857
510.2000000000535,125.15529939169707
510.3000000000535,133.72659304128786
510.4000000000535,114.98222505801957
510.50000000005355,95.22663607362965
510.60000000005357,116.16997026445641
510.7000000000536,162.95705613957932
510.8000000000536,175.08011969565595
510.90000000005364,142.6958694322652
511.00000000005366,127.46810046199175
511.1000000000537,105.05619401321628
511.2000000000537,80.11152368294373
511.3000000000537,116.105712115716
511.40000000005375,90.25091999198162
511.5000000000538,85.20885105898459
511.6000000000538,100.1181899682825
511.7000000000538,71.52665445922747
511.80000000005384,64.22379102266368
511.90000000005386,96.5318534120272
512.0000000000539,105.91639393280789
512.1000000000539,93.64848918608565
512.2000000000539,110.23516144323382
512.300000000054,126.07098923087727
512.400000000054,143.3552954620414
512.500000000054,149.54187105516243
512.600000000054,139.70950557022968
512.700000000054,123.92911176753641
512.8000000000541,95.34447274188186
512.9000000000541,94.51132859688971
513.0000000000541,121.84365031596107
513.1000000000541,131.1264615792612
513.2000000000542,126.38033020912704
513.3000000000542,224.59395249143407
513.4000000000542,223.30967282951417
513.5000000000542,137.71786820144058
513.6000000000543,140.60321940016303
513.7000000000543,191.70031759081718
513.8000000000543,242.3407839970381
513.9000000000543,350.3476702593272
514.0000000000543,423.8818703756449
514.1000000000544,371.87582136253735
514.2000000000544,368.4968041600042
514.3000000000544,282.80581051463275
514.4000000000544,256.6609013891315
514.5000000000545,293.64506314651027
514.6000000000545,287.7213754983884
514.7000000000545,523.9708168118777
514.8000000000545,542.9554309836401
514.9000000000545,389.1897874115989
515.0000000000546,300.0707734391773
515.1000000000546,198.62424673228438
515.2000000000546,125.94735705351818
515.3000000000546,127.22360089282006
515.4000000000547,166.8279258846215
515.5000000000547,171.2107358142824
515.6000000000547,129.3120713239298
515.7000000000547,124.04125983017323
515.8000000000548,114.25132729953911
515.9000000000548,110.96288123206308
516.0000000000548,124.72473542898054
516.1000000000548,91.48872143828407
516.2000000000548,165.792757384661
516.3000000000549,198.1503360917627
516.4000000000549,123.11517619359914
516.5000000000549,93.72454823206336
516.6000000000549,184.23728252724524
516.700000000055,313.9748507382868
516.800000000055,459.4210179193629
516.900000000055,437.5182692087595
517.000000000055,180.7386174273197
517.100000000055,168.8586696200033
517.2000000000551,205.62968582171652
517.3000000000551,188.4440230967758
517.4000000000551,141.2415470275237
517.5000000000551,73.74251489996797
517.6000000000552,94.8226664188814
517.7000000000552,112.4385247079063
517.8000000000552,97.71986890758612
517.9000000000552,86.46390704564828
518.0000000000553,86.66896272528916
518.1000000000553,111.3653278092728
518.2000000000553,113.07488109128234
518.3000000000553,152.61732334132608
518.4000000000553,211.98204358321996
518.5000000000554,143.46612923553369
518.6000000000554,125.85754048323138
518.7000000000554,119.84131316856053
518.8000000000554,127.94011628128452
518.9000000000555,155.40568928683396
519.0000000000555,113.18233437269254
519.1000000000555,205.9132249227049
519.2000000000555,311.8864668116746
519.3000000000555,254.16145815158555
519.4000000000556,124.15579527095703
519.5000000000556,154.55671378008907
519.6000000000556,136.16230465772568
519.7000000000556,102.01751044872285
519.8000000000557,114.16931355420574
519.9000000000557,112.69262037020246
520.0000000000557,92.62360628122849
520.1000000000557,127.15750831884287
520.2000000000558,150.6846599423407
520.3000000000558,123.97014769574248
520.4000000000558,119.8532964203257
520.5000000000558,168.2978053179537
520.6000000000558,161.9591401585152
520.7000000000559,220.87945156170548
520.8000000000559,412.95330911585035
520.9000000000559,512.8884367674984
521.0000000000559,294.0668417978015
521.100000000056,154.0693920814794
521.200000000056,147.13389764257863
521.300000000056,131.65754456478396
521.400000000056,128.256406827005
521.500000000056,162.4264145927203
521.6000000000561,173.24996419565772
521.7000000000561,158.82970059521315
521.8000000000561,145.2436224951876
521.9000000000561,127.45996101636993
522.0000000000562,109.49778943425662
522.1000000000562,95.88731427894733
522.2000000000562,113.62454054938246
522.3000000000562,145.6386568982935
522.4000000000563,128.21129352449202
522.5000000000563,110.81530237966484
522.6000000000563,295.32213828689044
522.7000000000563,441.68674534860764
522.8000000000563,314.17878229213153
522.9000000000564,774.5595571562723
523.0000000000564,3192.5334748188952
523.1000000000564,2808.0177307097542
523.2000000000564,909.3485473915564
523.3000000000565,726.1891663941537
523.4000000000565,364.8786586136066
523.5000000000565,188.9004480757377
523.6000000000565,171.1392230575077
523.7000000000565,137.81147104968744
523.8000000000566,115.93361699349039
523.9000000000566,139.8552910475534
524.0000000000566,86.69693233054183
524.1000000000566,88.50514262576604
524.2000000000567,127.71287962689618
524.3000000000567,112.60270511417261
524.4000000000567,116.70781553133185
524.5000000000567,124.32477831833451
524.6000000000568,94.79642646874574
524.7000000000568,89.47018027687602
524.8000000000568,117.75930620390659
524.9000000000568,79.29224216627624
525.0000000000568,113.98273643226142
525.1000000000569,143.35389696226142
525.2000000000569,113.30289064567917
525.3000000000569,80.22245676788398
525.4000000000569,78.54739034107537
525.500000000057,76.27509702674188
525.600000000057,95.3409631727227
525.700000000057,117.16060938923091
525.800000000057,118.25004156324769
525.900000000057,129.8842038407496
526.0000000000571,144.02641385015153
526.1000000000571,298.5001966945309
526.2000000000571,417.3189922727133
526.3000000000571,319.17981731633796
526.4000000000572,222.01514210615198
526.5000000000572,186.5813086116916
526.6000000000572,288.7383026077839
526.7000000000572,250.24956397251484
526.8000000000573,169.0813360175242
526.9000000000573,579.3250278575488
527.0000000000573,499.50627536668947
527.1000000000573,202.7924461817074
527.2000000000573,112.43717522466389
527.3000000000574,142.47747976961028
527.4000000000574,112.66131679253067
527.5000000000574,98.7045460985526
527.6000000000574,99.11936741319542
527.7000000000575,88.56103086002933
527.8000000000575,81.29567996910258
527.9000000000575,96.20754837962868
528.0000000000575,97.54869999413103
528.1000000000575,101.52230050604791
528.2000000000576,137.58226571312693
528.3000000000576,180.20240812209596
528.4000000000576,164.63893797496615
528.5000000000576,108.33954014156502
528.6000000000577,81.98792816756371
528.7000000000577,81.71980510934485
528.8000000000577,80.45334716830888
528.9000000000577,90.22057807118031
529.0000000000578,83.85827284204946
529.1000000000578,63.38819802863757
529.2000000000578,89.16115008047421
529.3000000000578,132.21312148614925
529.4000000000578,95.20575904594429
529.5000000000579,82.90532963606255
529.6000000000579,100.69539033066266
529.7000000000579,100.69288416726417
529.8000000000579,84.7597356588357
529.900000000058,91.24251897127964
530.000000000058,93.01446779754076
530.100000000058,107.22009495644201
530.200000000058,153.92587313170196
530.300000000058,163.2613987802265
530.4000000000581,87.19691316599634
530.5000000000581,87.76364621618538
530.6000000000581,113.05758874227085
530.7000000000581,152.288925718983
530.8000000000582,188.55882488419985
530.9000000000582,166.75718589034588
531.0000000000582,131.07285735342202
531.1000000000582,149.66495835274546
531.2000000000583,151.69285303117323
531.3000000000583,109.34990756715067
531.4000000000583,95.71671510379612
531.5000000000583,126.70519155725367
531.6000000000583,174.98268938607694
531.7000000000584,164.06424590187487
531.8000000000584,105.11641228748229
531.9000000000584,82.88715797515984
532.0000000000584,104.44832105043788
532.1000000000585,104.080375486493
532.2000000000585,104.68137943810058
532.3000000000585,192.80044855661916
532.4000000000585,289.07460240456356
532.5000000000585,164.94195967182316
532.6000000000586,66.07140254598116
532.7000000000586,296.2771114808017
532.8000000000586,434.303795667178
532.9000000000586,188.72893635600283
533.0000000000587,106.30751952868243
533.1000000000587,111.64595031832707
533.2000000000587,95.72258589718606
533.3000000000587,75.05776860765636
533.4000000000588,86.31313624473539
533.5000000000588,102.23136722069714
533.6000000000588,96.94611581714466
533.7000000000588,94.78534057344392
533.8000000000588,73.52976056747008
533.9000000000589,84.11828661203113
534.0000000000589,179.8360487664337
534.1000000000589,156.93038948951178
534.2000000000589,112.35396035132264
534.300000000059,96.81359951038002
534.400000000059,88.29535528441112
534.500000000059,83.77143384677898
534.600000000059,80.0507878077514
534.700000000059,78.93740241981293
534.8000000000591,62.26378077277041
534.9000000000591,62.056766926332784
535.0000000000591,90.74500101023698
535.1000000000591,68.5439658883836
535.2000000000592,85.28470025130211
535.3000000000592,84.61099435599567
535.4000000000592,76.40968727600676
535.5000000000592,110.6105827617964
535.6000000000593,114.08608952103725
535.7000000000593,103.71634614624446
535.8000000000593,86.83614970217157
535.9000000000593,84.90904412163783
536.0000000000593,86.09206783720433
536.1000000000594,72.45108292659961
536.2000000000594,152.72816156908905
536.3000000000594,151.7322160561016
536.4000000000594,152.6178903606972
536.5000000000595,213.35913478807538
536.6000000000595,186.9589941850621
536.7000000000595,187.77338797310898
536.8000000000595,188.28093768135543
536.9000000000595,175.6508311902859
537.0000000000596,246.35767606829134
537.1000000000596,356.62378779559583
537.2000000000596,214.4619470442629
537.3000000000596,129.68395963824486
537.4000000000597,85.04812590775985
537.5000000000597,52.468459076370955
537.6000000000597,102.02154918598303
537.7000000000597,128.17611839914878
537.8000000000598,102.3277822808996
537.9000000000598,103.93685795641836
538.0000000000598,133.03932803615115
538.1000000000598,150.43526943453875
538.2000000000598,194.46811826703126
538.3000000000599,269.1166687896135
538.4000000000599,187.89155695914863
538.5000000000599,110.71095566429823
538.6000000000599,129.20668830270878
538.70000000006,72.39984175707481
538.80000000006,78.74668986362391
538.90000000006,134.07215435716415
539.00000000006,133.91724433146013
539.10000000006,112.14452673274036
539.2000000000601,151.5064894077141
539.3000000000601,157.497579500485
539.4000000000601,139.67742745212811
539.5000000000601,119.65122473133509
539.6000000000602,157.76735780508264
539.7000000000602,213.9783894925398
539.8000000000602,146.53305542196148
539.9000000000602,122.49045613371382
540.0000000000603,136.24617906543136
540.1000000000603,131.09914736234907
540.2000000000603,138.27898379428012
540.3000000000603,217.55760525370604
540.4000000000603,298.1819496691213
540.5000000000604,255.18688189274337
540.6000000000604,155.16390361306813
540.7000000000604,133.80215204812282
540.8000000000604,175.82787864577955
540.9000000000605,149.25954872268497
541.0000000000605,164.25194679628996
541.1000000000605,174.05554312947055
541.2000000000605,150.01421719535338
541.3000000000605,168.02801355418876
541.4000000000606,246.3436965598158
541.5000000000606,262.2532558676432
541.6000000000606,172.50069340624785
541.7000000000606,119.13716530111594
541.8000000000607,140.29840229549256
541.9000000000607,109.94734279458771
542.0000000000607,111.79626877250088
542.1000000000607,133.48695131288548
542.2000000000608,160.28007895696066
542.3000000000608,235.9047796038265
542.4000000000608,312.3031065614004
542.5000000000608,218.25705714641077
542.6000000000608,163.85027185268055
542.7000000000609,113.71220373143265
542.8000000000609,118.26937878953568
542.9000000000609,209.89104850785685
543.0000000000609,188.53713603182
543.100000000061,112.77942462667816
543.200000000061,106.46315074421241
543.300000000061,138.48244116830205
543.400000000061,156.36585306843378
543.500000000061,159.4362304416974
543.6000000000611,91.33932824008232
543.7000000000611,70.79711806879325
543.8000000000611,83.60881650140715
543.9000000000611,74.50075720613061
544.0000000000612,60.65881220242499
544.1000000000612,74.14578202946566
544.2000000000612,89.1747875615064
544.3000000000612,122.15517574397391
544.4000000000613,126.14603164227042
544.5000000000613,129.91576846912324
544.6000000000613,214.77498853486696
544.7000000000613,203.7962178582915
544.8000000000613,125.80878439458897
544.9000000000614,111.70893274838139
545.0000000000614,129.13660600162476
545.1000000000614,96.25984447215528
545.2000000000614,113.4744908345491
545.3000000000615,115.43156156238825
545.4000000000615,202.14065379775963
545.5000000000615,273.0049364820169
545.6000000000615,206.8724947707982
545.7000000000616,140.3219120492377
545.8000000000616,117.61998059560604
545.9000000000616,155.08605729542973
546.0000000000616,349.4683975913805
546.1000000000616,502.8683109705744
546.2000000000617,379.10685567957916
546.3000000000617,345.1858236939413
546.4000000000617,597.7561287234828
546.5000000000617,779.1400044972406
546.6000000000618,587.9544582206976
546.7000000000618,262.2901164661335
546.8000000000618,211.0109882593125
546.9000000000618,186.41721153461694
547.0000000000618,195.9319795196783
547.1000000000619,214.6909373457849
547.2000000000619,195.09324199153875
547.3000000000619,155.56763489811973
547.4000000000619,108.70114777784056
547.500000000062,136.07474778594045
547.600000000062,192.69049587492486
547.700000000062,179.07686245790597
547.800000000062,118.24793868976433
547.900000000062,121.72046878830362
548.0000000000621,119.48964371455028
548.1000000000621,96.07552832710536
548.2000000000621,80.80298546138664
548.3000000000621,96.87955364996206
548.4000000000622,116.4732107974702
548.5000000000622,87.77113903998202
548.6000000000622,87.70082869780822
548.7000000000622,96.62162864551831
548.8000000000623,105.24064440827085
548.9000000000623,110.75634066850881
549.0000000000623,91.61302180867914
549.1000000000623,112.97105478522923
549.2000000000623,104.68341086961323
549.3000000000624,103.17240193669956
549.4000000000624,105.8312221651003
549.5000000000624,92.49498577127555
549.6000000000624,153.6781621461037
549.7000000000625,113.04705986288987
549.8000000000625,86.63677992978207
549.9000000000625,125.01864393024073
550.0000000000625,152.26876542728155
550.1000000000626,133.06268485269806
550.2000000000626,69.00388996122527
550.3000000000626,118.52265275240536
550.4000000000626,117.59352615944904
550.5000000000626,81.34961570371483
550.6000000000627,141.51013107266033
550.7000000000627,122.71799774342573
550.8000000000627,97.74915112439542
550.9000000000627,117.7942551671206
551.0000000000628,120.28430144933799
551.1000000000628,109.30454760218721
551.2000000000628,136.69751097748915
551.3000000000628,106.93304340033231
551.4000000000628,113.65842380255066
551.5000000000629,106.16402663752406
551.6000000000629,84.5848685571102
551.7000000000629,107.19196909939933
551.8000000000629,138.86944389724272
551.900000000063,153.7481021223025
552.000000000063,169.22612112340954
552.100000000063,157.29245148952967
552.200000000063,121.41130887878498
552.300000000063,108.67800513483714
552.4000000000631,119.50226781581578
552.5000000000631,137.99729774963717
552.6000000000631,116.56643023603338
552.7000000000631,79.60456966807628
552.8000000000632,75.67362935453544
552.9000000000632,87.70272361090981
553.0000000000632,77.83873097059592
553.1000000000632,92.11452866863104
553.2000000000633,101.37134448113386
553.3000000000633,87.74585566713485
553.4000000000633,104.17561446431368
553.5000000000633,158.8628587437316
553.6000000000633,120.21998554208608
553.7000000000634,98.58869403575616
553.8000000000634,91.75064119775834
553.9000000000634,81.07887331905171
554.0000000000634,91.332176537558
554.1000000000635,80.67961319375802
554.2000000000635,129.16114043394924
554.3000000000635,131.60204467800557
554.4000000000635,92.81656888680556
554.5000000000636,96.4858945392253
554.6000000000636,119.69718211523639
554.7000000000636,101.9975706078705
554.8000000000636,101.36369198624625
554.9000000000636,99.9941130256024
555.0000000000637,114.53785788685774
555.1000000000637,138.6946016865333
555.2000000000637,111.27691513897503
555.3000000000637,127.15989304900674
555.4000000000638,121.98170432967741
555.5000000000638,137.63593443050001
555.6000000000638,153.41211343161388
555.7000000000638,130.3173204026046
555.8000000000638,162.68241967333287
555.9000000000639,155.2332256144503
556.0000000000639,177.31174035275376
556.1000000000639,196.24886389327943
556.2000000000639,183.63821016225702
556.300000000064,188.737642120077
556.400000000064,181.27238859629858
556.500000000064,173.55504975577247
556.600000000064,159.07166463271278
556.700000000064,138.58001746652326
556.8000000000641,144.61609370790868
556.9000000000641,183.67130244251786
557.0000000000641,176.01770037996204
557.1000000000641,120.38621808823808
557.2000000000642,179.92996727316722
557.3000000000642,248.28436555969517
557.4000000000642,184.92547629332037
557.5000000000642,154.60539556905493
557.6000000000643,206.0785171891964
557.7000000000643,173.37887053434116
557.8000000000643,128.85255455666996
557.9000000000643,137.73424097880928
558.0000000000643,142.3650422387865
558.1000000000644,132.70549234724464
558.2000000000644,123.75656995829094
558.3000000000644,126.8609323225063
558.4000000000644,105.99144714116234
558.5000000000645,132.44386013875817
558.6000000000645,241.71336676896885
558.7000000000645,270.41425703451404
558.8000000000645,283.2661966863019
558.9000000000646,251.12185349285204
559.0000000000646,169.63750557448913
559.1000000000646,134.7789850878771
559.2000000000646,159.70089493601893
559.3000000000646,116.31029863622769
559.4000000000647,173.4967898743286
559.5000000000647,163.51343271984263
559.6000000000647,104.94203264222094
559.7000000000647,134.2266612471023
559.8000000000648,184.75954243654957
559.9000000000648,145.63175107858785
560.0000000000648,149.649025870185
560.1000000000648,130.9044255112034
560.2000000000648,128.76788188732806
560.3000000000649,175.72697501538715
560.4000000000649,171.54784246638226
560.5000000000649,143.87826478405998
560.6000000000649,75.0739037375436
560.700000000065,98.71865948432507
560.800000000065,138.429515962718
560.900000000065,104.33999831181052
561.000000000065,107.60002668010588
561.100000000065,117.82462466783058
561.2000000000651,129.19803072530385
561.3000000000651,95.34682943703154
561.4000000000651,160.74889297666914
561.5000000000651,324.8122525607131
561.6000000000652,304.99766997857375
561.7000000000652,185.65668424185688
561.8000000000652,135.53159207833696
561.9000000000652,113.2509733586932
562.0000000000653,85.59853022551404
562.1000000000653,91.09295893599901
562.2000000000653,107.88839832170767
562.3000000000653,93.11353960311698
562.4000000000653,144.73554731894708
562.5000000000654,128.29191570299872
562.6000000000654,88.4867709059517
562.7000000000654,118.54426718061227
562.8000000000654,95.27840029542782
562.9000000000655,102.67213165437805
563.0000000000655,103.45347734394466
563.1000000000655,87.51558972403215
563.2000000000655,94.44406948634405
563.3000000000656,110.85779675211803
563.4000000000656,91.89020293629754
563.5000000000656,113.73433137010883
563.6000000000656,150.23485800927645
563.7000000000656,132.54105782802367
563.8000000000657,114.23516537102992
563.9000000000657,141.46463464938185
564.0000000000657,148.10294263201445
564.1000000000657,179.46151440400772
564.2000000000658,207.0435798580729
564.3000000000658,161.76448972510292
564.4000000000658,116.79905604197836
564.5000000000658,140.74190379096964
564.6000000000658,145.158229776191
564.7000000000659,125.57377719566047
564.8000000000659,140.02056348880467
564.9000000000659,146.8455491487312
565.0000000000659,115.39300162876381
565.100000000066,109.35595703383129
565.200000000066,156.3606661163033
565.300000000066,137.79561082002348
565.400000000066,204.38740373718065
565.500000000066,712.4910408803792
565.6000000000661,939.602747910889
565.7000000000661,507.07000951001953
565.8000000000661,286.40073130040355
565.9000000000661,200.4912147019082
566.0000000000662,165.27922402488866
566.1000000000662,143.7205649388897
566.2000000000662,117.33129880269614
566.3000000000662,119.37460712833342
566.4000000000663,150.5578320890885
566.5000000000663,103.30429048045872
566.6000000000663,102.01671223202786
566.7000000000663,105.56374007662671
566.8000000000663,93.52871522021358
566.9000000000664,90.44197082291065
567.0000000000664,86.85494952810777
567.1000000000664,93.4215272541668
567.2000000000664,78.25064807950343
567.3000000000665,81.947077927131
567.4000000000665,97.6077334323449
567.5000000000665,92.44392627552426
567.6000000000665,75.7218890562954
567.7000000000666,75.47145179974143
567.8000000000666,111.78052480769384
567.9000000000666,99.92713020525821
568.0000000000666,91.83386558860434
568.1000000000666,105.80641623970352
568.2000000000667,94.00806405971784
568.3000000000667,113.23398953047995
568.4000000000667,115.11527595120596
568.5000000000667,113.08424091340173
568.6000000000668,103.52241155099162
568.7000000000668,102.66570218626163
568.8000000000668,112.56672840229464
568.9000000000668,94.74049250903317
569.0000000000668,115.33146429818868
569.1000000000669,121.7122988770881
569.2000000000669,118.39749239458688
569.3000000000669,114.02435107797243
569.4000000000669,91.85088619458023
569.500000000067,70.77928412760927
569.600000000067,84.862075339955
569.700000000067,109.57871851833036
569.800000000067,93.30451849067026
569.900000000067,83.54179102184803
570.0000000000671,93.17418806062769
570.1000000000671,72.73897866970754
570.2000000000671,96.7601817470887
570.3000000000671,95.84264905454194
570.4000000000672,101.6636807769794
570.5000000000672,118.78360859295799
570.6000000000672,117.36714942036038
570.7000000000672,104.92019430597868
570.8000000000673,99.96634966872386
570.9000000000673,100.00297331237549
571.0000000000673,113.55787198900303
571.1000000000673,106.53711251753987
571.2000000000673,87.96680036522059
571.3000000000674,93.78980298840882
571.4000000000674,97.77068516733537
571.5000000000674,91.50540415802577
571.6000000000674,82.1004818557225
571.7000000000675,106.97747722323749
571.8000000000675,139.01382778191442
571.9000000000675,111.64362494824206
572.0000000000675,74.8111723395784
572.1000000000676,155.47961051937284
572.2000000000676,143.39424599283717
572.3000000000676,132.95310182066692
572.4000000000676,128.6189299836859
572.5000000000676,127.68080486536877
572.6000000000677,219.05307407954422
572.7000000000677,264.0245513436489
572.8000000000677,176.00807978631147
572.9000000000677,133.78025342658495
573.0000000000678,118.06072129904841
573.1000000000678,110.86217930218325
573.2000000000678,129.72794069178278
573.3000000000678,80.79601420393666
573.4000000000678,95.82240747355802
573.5000000000679,74.2838213335178
573.6000000000679,78.25211678377062
573.7000000000679,99.19762313300906
573.8000000000679,77.79208157892866
573.900000000068,81.26351620398877
574.000000000068,109.55899907935874
574.100000000068,83.79886319375765
574.200000000068,85.48453814480796
574.300000000068,102.48631478559702
574.4000000000681,89.23369252009448
574.5000000000681,85.84071314603727
574.6000000000681,98.40933586716953
574.7000000000681,73.47376118739028
574.8000000000682,88.67347416647144
574.9000000000682,99.03245138976658
575.0000000000682,86.81164477492678
575.1000000000682,86.79079996582237
575.2000000000683,82.68212928771796
575.3000000000683,93.8422604422209
575.4000000000683,63.70958480901932
575.5000000000683,84.81994643245827
575.6000000000683,105.30704113970572
575.7000000000684,83.89799283907746
575.8000000000684,104.21109543064375
575.9000000000684,126.31647388870776
576.0000000000684,114.18479862365501
576.1000000000685,99.61125331300234
576.2000000000685,88.5657927290177
576.3000000000685,109.65865291686082
576.4000000000685,127.55441866326252
576.5000000000686,69.87414018716673
576.6000000000686,85.73160771426483
576.7000000000686,110.21081160692589
576.8000000000686,99.39469841525079
576.9000000000686,110.51652458592237
577.0000000000687,117.00945996569841
577.1000000000687,78.19062826359863
577.2000000000687,104.34657906876261
577.3000000000687,88.42560211383956
577.4000000000688,66.11870575893592
577.5000000000688,72.00458458894897
577.6000000000688,80.51544807490035
577.7000000000688,79.2004726563625
577.8000000000688,77.50827995113852
577.9000000000689,64.80550209148171
578.0000000000689,126.3723058063476
578.1000000000689,123.46082836338772
578.2000000000689,121.45951409059758
578.300000000069,153.05287458651867
578.400000000069,112.03920849974685
578.500000000069,81.11990594318085
578.600000000069,90.8047666524753
578.700000000069,93.59630172273695
578.8000000000691,96.91576499008373
578.9000000000691,115.12060117055351
579.0000000000691,134.16526502530638
579.1000000000691,125.88387140600014
579.2000000000692,79.60593490633532
579.3000000000692,87.19195602459119
579.4000000000692,90.94407949951469
579.5000000000692,90.60464791686364
579.6000000000693,83.11439694168912
579.7000000000693,60.8799118135722
579.8000000000693,76.48427693677567
579.9000000000693,82.01500679962803
580.0000000000693,55.22148063734139
580.1000000000694,72.96183733486012
580.2000000000694,88.99790630294203
580.3000000000694,65.44030054965732
580.4000000000694,71.35728314550046
580.5000000000695,98.13365355154089
580.6000000000695,82.92565639600079
580.7000000000695,61.1615289276327
580.8000000000695,89.9075409042349
580.9000000000696,103.72886875106994
581.0000000000696,83.92500752873083
581.1000000000696,100.98551223750042
581.2000000000696,85.208821336299
581.3000000000696,70.93096992627976
581.4000000000697,71.09205900054937
581.5000000000697,80.0114723279734
581.6000000000697,77.85167440401062
581.7000000000697,61.042942015039
581.8000000000698,59.88930968613834
581.9000000000698,74.54987138142094
582.0000000000698,64.08615957078139
582.1000000000698,84.25986843959359
582.2000000000698,79.53422838567923
582.3000000000699,63.852288387685505
582.4000000000699,102.34518251618255
582.5000000000699,113.62606676252067
582.6000000000699,111.32512563270335
582.70000000007,82.53491571951592
582.80000000007,77.63136498697577
582.90000000007,94.7053599262699
583.00000000007,107.93128090367314
583.10000000007,112.54166690711585
583.2000000000701,98.6578917195132
583.3000000000701,129.61269926546376
583.4000000000701,189.9659834153211
583.5000000000701,48.78022301106509
583.6000000000702,948.9631498651955
583.7000000000702,2395.240719190513
583.8000000000702,2031.317493547666
583.9000000000702,822.5565700206465
584.0000000000703,438.9389063855575
584.1000000000703,303.89102435668593
584.2000000000703,210.73193164853814
584.3000000000703,187.83406081065328
584.4000000000703,149.6319591694033
584.5000000000704,137.9272094453718
584.6000000000704,89.82520822913138
584.7000000000704,119.26714243960419
584.8000000000704,119.4992385535611
584.9000000000705,90.62054893168403
585.0000000000705,101.13560811322745
585.1000000000705,113.35132975409604
585.2000000000705,116.72143710018575
585.3000000000706,214.3599517631421
585.4000000000706,172.59512421443404
585.5000000000706,125.49952309928827
585.6000000000706,135.79484023219646
585.7000000000706,157.89626051167815
585.8000000000707,154.1470660642918
585.9000000000707,121.81422205482652
586.0000000000707,121.35330781231967
586.1000000000707,148.59531880333313
586.2000000000708,457.5697104498155
586.3000000000708,591.885448105513
586.4000000000708,354.3233436104848
586.5000000000708,148.93318017735075
586.6000000000708,125.77362138818634
586.7000000000709,93.7628074938453
586.8000000000709,114.32855200753094
586.9000000000709,114.5573991807687
587.0000000000709,97.80383603849982
587.100000000071,95.2719186817209
587.200000000071,92.67356390496134
587.300000000071,81.67787313179188
587.400000000071,74.99342262709823
587.500000000071,120.5472453540841
587.6000000000711,112.46926223855328
587.7000000000711,96.95332376318386
587.8000000000711,110.23261184627601
587.9000000000711,117.52128091106427
588.0000000000712,126.28636470031257
588.1000000000712,130.8350346954441
588.2000000000712,125.26071856146346
588.3000000000712,122.50567805844742
588.4000000000713,127.20222400981966
588.5000000000713,142.6424048060342
588.6000000000713,240.22791059371897
588.7000000000713,137.46742618868362
588.8000000000713,375.52639439792324
588.9000000000714,4106.005533230212
589.0000000000714,4689.354677371279
589.1000000000714,1998.8843334123408
589.2000000000714,375.88401191284197
589.3000000000715,200.96348376376045
589.4000000000715,418.98050414922113
589.5000000000715,2512.1902162822867
589.6000000000715,2791.932619128259
589.7000000000716,1205.7159764180021
589.8000000000716,230.96249467307823
589.9000000000716,180.08049956588204
590.0000000000716,151.99818126127786
590.1000000000716,122.28390980377367
590.2000000000717,131.5455389945323
590.3000000000717,132.29403275173098
590.4000000000717,127.52208908835934
590.5000000000717,103.00207445550076
590.6000000000718,114.18193200137982
590.7000000000718,145.67817358018996
590.8000000000718,141.14834368852732
590.9000000000718,126.75307294322421
591.0000000000719,73.283116943563
591.1000000000719,81.31044245921387
591.2000000000719,78.45236218194904
591.3000000000719,111.16695175990623
591.4000000000719,139.07388189918223
591.500000000072,97.6124135437945
591.600000000072,90.63329432238785
591.700000000072,110.06383747720606
591.800000000072,98.52968291109579
591.900000000072,80.7664923159149
592.0000000000721,94.10219617007579
592.1000000000721,106.20415409868885
592.2000000000721,86.84387161856141
592.3000000000721,73.00239717812016
592.4000000000722,81.88465729535984
592.5000000000722,65.39932749845343
592.6000000000722,81.69009614686505
592.7000000000722,87.13316478703594
592.8000000000723,91.13949734634758
592.9000000000723,103.85617985491353
593.0000000000723,94.82505884876024
593.1000000000723,80.24399364950368
593.2000000000724,62.997628551547336
593.3000000000724,97.75560100192446
593.4000000000724,91.39540091865948
593.5000000000724,66.21489969010302
593.6000000000724,80.41633995282419
593.7000000000725,84.172838517127
593.8000000000725,59.27948046619433
593.9000000000725,89.01755262121414
594.0000000000725,69.81653470000245
594.1000000000726,80.34525613462442
594.2000000000726,74.631694155493
594.3000000000726,63.728462096687856
594.4000000000726,67.02902293809895
594.5000000000726,66.52299326713656
594.6000000000727,106.7582279851667
594.7000000000727,104.21535796954628
594.8000000000727,80.60969406545543
594.9000000000727,78.74223843486662
595.0000000000728,84.05661623472363
595.1000000000728,81.76488849968966
595.2000000000728,82.42742183684256
595.3000000000728,90.71518745736036
595.4000000000729,106.48180190108586
595.5000000000729,150.17975940505278
595.6000000000729,352.48315471207167
595.7000000000729,623.1851712106888
595.8000000000729,517.1204327627315
595.900000000073,214.4436443274862
596.000000000073,189.85169670516544
596.100000000073,198.63930986518383
596.200000000073,293.1363183747494
596.300000000073,264.1007703924948
596.4000000000731,184.9120495444673
596.5000000000731,136.96466425284515
596.6000000000731,127.87694908643807
596.7000000000731,115.6389044693345
596.8000000000732,75.93163642259596
596.9000000000732,95.06670620540734
597.0000000000732,125.35039566924635
597.1000000000732,101.7775070459033
597.2000000000733,71.50087593164949
597.3000000000733,92.845784346433
597.4000000000733,108.21664483670789
597.5000000000733,76.26168683205006
597.6000000000734,65.42533806535239
597.7000000000734,68.92119387495659
597.8000000000734,91.00757858976306
597.9000000000734,59.99633049415856
598.0000000000734,64.2048918055052
598.1000000000735,107.23728102445935
598.2000000000735,93.92430660832798
598.3000000000735,59.65576068436217
598.4000000000735,89.0420182775582
598.5000000000736,84.48737561893434
598.6000000000736,65.94512085436995
598.7000000000736,73.64441681808127
598.8000000000736,88.35546512607179
598.9000000000736,82.28065127121207
599.0000000000737,75.87686127841266
599.1000000000737,82.0903153481753
599.2000000000737,65.00247299777756
599.3000000000737,59.979225579880676
599.4000000000738,85.18426396068868
599.5000000000738,71.02159886238626
599.6000000000738,66.6397945098352
599.7000000000738,96.63536135455894
599.8000000000739,93.3068249874967
599.9000000000739,66.1310991150332
600.0000000000739,85.74286164062043
600.1000000000739,94.65446955145048
600.2000000000739,77.29621053875726
600.300000000074,83.45150092448672
600.400000000074,83.36780166466994
600.500000000074,85.73744278992604
600.600000000074,96.57349953764297
600.700000000074,73.4994428211154
600.8000000000741,81.73599533483929
600.9000000000741,40.743535806989634
601.0000000000741,64.9850099671792
601.1000000000741,66.61529074064902
601.2000000000742,63.50457816418773
601.3000000000742,82.49601022450757
601.4000000000742,74.99164540474591
601.5000000000742,75.2325206818805
601.6000000000743,85.15106379763276
601.7000000000743,87.50839420969908
601.8000000000743,73.3681630692001
601.9000000000743,72.7592879669377
602.0000000000744,96.96799049296975
602.1000000000744,105.09104435241244
602.2000000000744,97.05389103121121
602.3000000000744,103.51726567635772
602.4000000000744,74.62051295960961
602.5000000000745,78.47238309042916
602.6000000000745,66.71795801144745
602.7000000000745,82.6281269127458
602.8000000000745,88.52607151955796
602.9000000000746,59.868925525251676
603.0000000000746,55.04524388533331
603.1000000000746,83.01840200113902
603.2000000000746,100.73400916274515
603.3000000000746,51.61148101232412
603.4000000000747,43.0020936066205
603.5000000000747,81.39600640389727
603.6000000000747,91.7820451934772
603.7000000000747,81.44889030600312
603.8000000000748,81.10048327413197
603.9000000000748,81.81840567692318
604.0000000000748,110.2734026418173
604.1000000000748,104.35798161237462
604.2000000000749,95.59454356571658
604.3000000000749,108.61370825854875
604.4000000000749,96.30384443820866
604.5000000000749,81.77246146301121
604.6000000000749,89.4557587153716
604.700000000075,81.1778487400878
604.800000000075,82.69886172195861
604.900000000075,77.29175496269589
605.000000000075,77.09769798813551
605.100000000075,78.29669221462989
605.2000000000751,79.89487856671524
605.3000000000751,77.78516232802471
605.4000000000751,85.26868546637333
605.5000000000751,91.85976624219711
605.6000000000752,79.74632260083371
605.7000000000752,123.75773928246225
605.8000000000752,70.94356081552783
605.9000000000752,63.690401189755804
606.0000000000753,94.73477368278613
606.1000000000753,81.13831950155624
606.2000000000753,73.44730459760522
606.3000000000753,98.68118828958472
606.4000000000754,89.03201548834718
606.5000000000754,89.63179357487752
606.6000000000754,78.56403164912662
606.7000000000754,34.53863474154936
606.8000000000754,73.04578821513856
606.9000000000755,74.94924877745143
607.0000000000755,49.181900269777046
607.1000000000755,73.13383579789546
607.2000000000755,44.03672053253727
607.3000000000756,32.99965435662575
607.4000000000756,98.50004379632324
607.5000000000756,81.12279691467617
607.6000000000756,68.2192044923192
607.7000000000756,68.36868189326798
607.8000000000757,82.76296374496566
607.9000000000757,72.80604234169881
608.0000000000757,32.31228042602272
608.1000000000757,70.3566216813212
608.2000000000758,79.5091873391939
608.3000000000758,62.53765818323238
608.4000000000758,76.31290427245031
608.5000000000758,35.44612335480063
608.6000000000759,50.783147699248744
608.7000000000759,87.21386384147876
608.8000000000759,57.59607280464611
608.9000000000759,64.5862063817619
609.0000000000759,63.69001629125715
609.100000000076,70.6989552824225
609.200000000076,86.86809036940286
609.300000000076,57.331213408337376
609.400000000076,55.675824781040966
609.500000000076,62.735069583181186
609.6000000000761,56.844186203832564
609.7000000000761,64.87001838813036
609.8000000000761,47.97743522854326
609.9000000000761,44.34201744679182
610.0000000000762,65.97231434989915
610.1000000000762,72.46834210257828
610.2000000000762,79.97313851321366
610.3000000000762,113.6529173213389
610.4000000000763,71.99296094664057
610.5000000000763,27.72169770297394
610.6000000000763,80.06969299821468
610.7000000000763,53.080747039945976
610.8000000000764,53.86286803830643
610.9000000000764,68.09230611232923
611.0000000000764,78.32122669805983
611.1000000000764,67.54735225512073
611.2000000000764,50.682556050325395
611.3000000000765,52.17926209288367
611.4000000000765,62.8315167149959
611.5000000000765,58.77810541976188
611.6000000000765,57.64813759845759
611.7000000000766,86.33410318295516
611.8000000000766,64.47126193505585
611.9000000000766,68.58303507710887
612.0000000000766,62.54031708659247
612.1000000000766,62.69242982292405
612.2000000000767,75.82560299428928
612.3000000000767,67.76518741490436
612.4000000000767,59.91781789746853
612.5000000000767,64.19595002034514
612.6000000000768,78.04950248763234
612.7000000000768,61.02307239280621
612.8000000000768,73.3556850809098
612.9000000000768,62.469001571722856
613.0000000000769,39.67975556633476
613.1000000000769,50.05417435419092
613.2000000000769,54.20903585935685
613.3000000000769,47.60700925933423
613.400000000077,79.15199468915253
613.500000000077,72.59936894457006
613.600000000077,92.68280539366243
613.700000000077,98.75169227205845
613.800000000077,54.77520953762939
613.9000000000771,42.510989117443444
614.0000000000771,111.15408886587424
614.1000000000771,164.3893575797175
614.2000000000771,152.18717531873884
614.3000000000771,134.65203812779217
614.4000000000772,46.99178033212849
614.5000000000772,63.52395548821421
614.6000000000772,63.08590805703996
614.7000000000772,44.82176444989291
614.8000000000773,57.957842516924984
614.9000000000773,69.65678399539614
615.0000000000773,63.667137095521575
615.1000000000773,73.15504684608752
615.2000000000774,88.99124141965711
615.3000000000774,76.82385889472047
615.4000000000774,51.50836658826215
615.5000000000774,31.425377748757413
615.6000000000774,69.42169727802063
615.7000000000775,75.59053700531247
615.8000000000775,59.734604352050866
615.9000000000775,69.08816821474325
616.0000000000775,63.03132785406677
616.1000000000776,85.00320980235894
616.2000000000776,154.234406457257
616.3000000000776,139.57307355021337
616.4000000000776,96.2476229097509
616.5000000000776,60.84933819036972
616.6000000000777,79.8272147458647
616.7000000000777,96.34819268747924
616.8000000000777,96.01865214908935
616.9000000000777,103.7372941338325
617.0000000000778,93.43118929695135
617.1000000000778,97.89904118914389
617.2000000000778,55.93478015897972
617.3000000000778,57.13413263333871
617.4000000000779,59.036892726927576
617.5000000000779,49.176090037582256
617.6000000000779,62.33588074074085
617.7000000000779,69.33039763423993
617.800000000078,58.10648147029216
617.900000000078,57.73926243939397
618.000000000078,46.44427586379072
618.100000000078,51.972099251233956
618.200000000078,92.4687709252223
618.3000000000781,38.53579064784213
618.4000000000781,100.15306730092891
618.5000000000781,130.04748955239035
618.6000000000781,93.40967380685258
618.7000000000781,79.47483566088036
618.8000000000782,50.12991239478457
618.9000000000782,37.246718461046264
619.0000000000782,81.67408274457505
619.1000000000782,87.80009833469938
619.2000000000783,63.24106730172542
619.3000000000783,62.77235099881238
619.4000000000783,56.864754614055414
619.5000000000783,48.82943474269129
619.6000000000784,54.38847543850083
619.7000000000784,49.77727829928224
619.8000000000784,53.44580776865771
619.9000000000784,76.78063864430933
620.0000000000784,39.30970093908085
620.1000000000785,54.07079590562618
620.2000000000785,65.82879257630832
620.3000000000785,65.95274123057676
620.4000000000785,60.897319773230265
620.5000000000786,54.65636976581694
620.6000000000786,46.455573776667364
620.7000000000786,40.70073224146199
620.8000000000786,48.472950205540506
620.9000000000786,65.03878142156859
621.0000000000787,66.39473101238629
621.1000000000787,51.4257746193049
621.2000000000787,46.50949975681232
621.3000000000787,58.12576987202189
621.4000000000788,69.16610918004885
621.5000000000788,71.02207570945586
621.6000000000788,65.63142043665076
621.7000000000788,60.15387676258323
621.8000000000789,65.73933955299914
621.9000000000789,77.33452359090876
622.0000000000789,75.21646449177108
622.1000000000789,59.49218278077539
622.200000000079,48.241807930459295
622.300000000079,48.79990132723296
622.400000000079,58.54810393282723
622.500000000079,73.06748225726105
622.600000000079,86.82035852474377
622.7000000000791,95.60892690150267
622.8000000000791,96.70868874708552
622.9000000000791,93.0914553044474
623.0000000000791,91.23810922256843
623.1000000000791,89.16869341093332
623.2000000000792,79.92688640126954
623.3000000000792,68.22968556514371
623.4000000000792,65.10348802864634
623.5000000000792,65.46863063685116
623.6000000000793,56.07262361465469
623.7000000000793,43.55387048308059
623.8000000000793,44.344957300133956
623.9000000000793,55.89871287867957
624.0000000000794,65.88051642577743
624.1000000000794,69.27791824885726
624.2000000000794,65.79177411065716
624.3000000000794,61.93293912665841
624.4000000000794,66.01981090062172
624.5000000000795,74.59709518373354
624.6000000000795,79.4928170478444
624.7000000000795,77.92634956452089
624.8000000000795,70.6111946540448
624.9000000000796,65.81242732296985
625.0000000000796,72.00144153690063
625.1000000000796,79.73895762477633
625.2000000000796,75.81436104681814
625.3000000000796,65.02127916216273
625.4000000000797,57.72435544674436
625.5000000000797,59.392404851430356
625.6000000000797,71.38901423319501
625.7000000000797,82.70159038611565
625.8000000000798,81.94291838199709
625.9000000000798,74.23478183978924
626.0000000000798,67.77548717112833
626.1000000000798,63.02852289069129
626.2000000000799,59.20638020311006
626.3000000000799,59.04910057249218
626.4000000000799,63.42883745283812
626.5000000000799,62.71265400481757
626.60000000008,51.25579440938706
626.70000000008,46.31412720911964
626.80000000008,59.72481136904357
626.90000000008,68.88337013466789
627.00000000008,58.70129393127044
627.1000000000801,58.70798100644611
627.2000000000801,82.9131186161142
627.3000000000801,76.9845132888251
627.4000000000801,34.57302795955215
627.5000000000801,108.37651869007684
627.6000000000802,372.84138934896106
627.7000000000802,644.9161105410027
627.8000000000802,749.1012483479933
627.9000000000802,617.6763068065252
628.0000000000803,297.14762626991114
628.1000000000803,45.51991568401842
628.2000000000803,7.88947795741651
628.3000000000803,49.7651666467616
628.4000000000804,65.36658282379403
628.5000000000804,64.17189200137958
628.6000000000804,61.83698445485209
628.7000000000804,62.888087254923
628.8000000000804,68.06503594638903
628.9000000000805,73.7751228547394
629.0000000000805,76.06627618086668
629.1000000000805,71.17176879376505
629.2000000000805,61.51182079423128
629.3000000000806,57.981446941936866
629.4000000000806,63.64682513461396
629.5000000000806,70.5649124713765
629.6000000000806,73.48742482081977
629.7000000000806,71.52121001988606
629.8000000000807,68.32240799877442
629.9000000000807,72.10122574348308
630.0000000000807,82.8471553384053
630.1000000000807,91.80827783365888
630.2000000000808,95.49656404006306
630.3000000000808,95.98606325366215
630.4000000000808,94.37523248845896
630.5000000000808,90.65467341082517
630.6000000000809,84.90881254547627
630.7000000000809,77.7825967924398
630.8000000000809,76.90581073698485
630.9000000000809,93.3035422932242
631.000000000081,107.97710105169139
631.100000000081,84.3088155411511
631.200000000081,43.67204652704427
631.300000000081,41.80468544319845
631.400000000081,70.67246569641813
631.5000000000811,85.32304666803284
631.6000000000811,81.56771779993643
631.7000000000811,77.70640485722973
631.8000000000811,75.2465454715187
631.9000000000811,67.84358153916159
632.0000000000812,61.197095439460654
632.1000000000812,65.20919481732686
632.2000000000812,75.36621763378794
632.3000000000812,80.86331402663679
632.4000000000813,73.64829546292478
632.5000000000813,50.28489552369857
632.6000000000813,29.13233741914995
632.7000000000813,31.363223468937882
632.8000000000814,45.00218071096318
632.9000000000814,50.16358468273869
633.0000000000814,48.17226029414756
633.1000000000814,46.64059698156999
633.2000000000814,49.78499665743847
633.3000000000815,58.196596084163325
633.4000000000815,61.00797807340028
633.5000000000815,50.60513960951243
633.6000000000815,45.138536790745285
633.7000000000816,60.2643615582814
633.8000000000816,78.75188241375014
633.9000000000816,82.41820545993279
634.0000000000816,75.1025704381594
634.1000000000816,65.2152583672175
634.2000000000817,61.079375091347075
634.3000000000817,68.50088728708394
634.4000000000817,86.31647579860702
634.5000000000817,110.85660704541985
634.6000000000818,135.13163155657557
634.7000000000818,150.2757430673596
634.8000000000818,144.32018986419823
634.9000000000818,113.80229860809263
635.0000000000819,74.28139148562894
635.1000000000819,41.125859327438434
635.2000000000819,24.51815973972102
635.3000000000819,27.911582542750075
635.400000000082,43.75049747443387
635.500000000082,58.98186615879335
635.600000000082,53.87916845142051
635.700000000082,33.209897058017205
635.800000000082,38.47831677140651
635.9000000000821,73.42195308094293
636.0000000000821,86.82208884240197
636.1000000000821,64.39569779503648
636.2000000000821,42.75157877700167
636.3000000000822,40.074272880573716
636.4000000000822,49.50544974122704
636.5000000000822,63.12036226164617
636.6000000000822,73.59256855582319
636.7000000000822,79.14581752337145
636.8000000000823,83.33442672317601
636.9000000000823,89.31781067209421
637.0000000000823,98.93422348923991
637.1000000000823,101.41182119481239
637.2000000000824,78.32291393721931
637.3000000000824,47.41236723360547
637.4000000000824,49.32296603746512
637.5000000000824,73.23263843143431
637.6000000000824,77.0307705161608
637.7000000000825,62.44218549504321
637.8000000000825,55.98464471979222
637.9000000000825,57.92412580704402
638.0000000000825,55.457687143974056
638.1000000000826,52.498567672585004
638.2000000000826,59.04123887480255
638.3000000000826,65.3440087718562
638.4000000000826,56.9338207397539
638.5000000000827,50.13424462509398
638.6000000000827,66.65234534940839
638.7000000000827,81.32755419794086
638.8000000000827,61.9329764356271
638.9000000000827,35.85170475981932
639.0000000000828,40.69227919486519
639.1000000000828,63.24085178062921
639.2000000000828,78.74040519877326
639.3000000000828,80.99561380047774
639.4000000000829,71.36234051939014
639.5000000000829,60.74222048270784
639.6000000000829,59.101159945259305
639.7000000000829,64.5439068493204
639.800000000083,72.18479385694674
639.900000000083,76.05306512687463
640.000000000083,73.16553501549103
640.100000000083,69.7704100457752
640.200000000083,71.3854597948593
640.3000000000831,77.3402351126971
640.4000000000831,82.3820713913887
640.5000000000831,72.96286422091465
640.6000000000831,48.11045707166009
640.7000000000832,35.60145772386178
640.8000000000832,49.718881686232216
640.9000000000832,72.37766780842303
641.0000000000832,88.30646011961105
641.1000000000832,93.28775807210349
641.2000000000833,88.19882284615974
641.3000000000833,80.10266813696028
641.4000000000833,75.68559674306331
641.5000000000833,80.14556506556094
641.6000000000834,90.50960497710324
641.7000000000834,94.03679343757268
641.8000000000834,89.84405959938896
641.9000000000834,90.77121361373737
642.0000000000834,97.04001781855277
642.1000000000835,95.53102090268457
642.2000000000835,82.21025351892598
642.3000000000835,62.54105247608015
642.4000000000835,49.81555915216997
642.5000000000836,61.74344239304414
642.6000000000836,88.61945159748396
642.7000000000836,101.93394909612147
642.8000000000836,100.03618849801497
642.9000000000837,98.93985983323174
643.0000000000837,103.22334471498863
643.1000000000837,111.03412324578416
643.2000000000837,128.37653661445796
643.3000000000837,161.5734742375361
643.4000000000838,182.99658737143778
643.5000000000838,157.3826042098969
643.6000000000838,116.69970242088185
643.7000000000838,112.73956606274014
643.8000000000839,132.86005362575386
643.9000000000839,143.85292755810707
644.0000000000839,140.67113121397733
644.1000000000839,128.22832180848943
644.200000000084,111.57638347197361
644.300000000084,95.20113580246624
644.400000000084,80.90629622244882
644.500000000084,70.7015406522353
644.600000000084,70.30626389239443
644.7000000000841,80.69983373822659
644.8000000000841,83.33052002143174
644.9000000000841,66.48623002387318
645.0000000000841,52.28552464304325
645.1000000000842,58.48373848553851
645.2000000000842,73.53213262126222
645.3000000000842,83.57920251461233
645.4000000000842,81.11793047481915
645.5000000000842,69.4221257220207
645.6000000000843,72.61502037136027
645.7000000000843,94.2862737110832
645.8000000000843,94.30958566772034
645.9000000000843,64.93223900988937
646.0000000000844,60.79219601602706
646.1000000000844,94.70158424354605
646.2000000000844,108.01442875256399
646.3000000000844,79.65431789153175
646.4000000000844,46.90127621426891
646.5000000000845,35.31704974424199
646.6000000000845,50.50383068104774
646.7000000000845,75.38400553466316
646.8000000000845,71.7647210720924
646.9000000000846,44.897461744854596
647.0000000000846,40.45838409907663
647.1000000000846,62.34303895884464
647.2000000000846,78.5322680805929
647.3000000000847,77.00932671753498
647.4000000000847,62.3637020437612
647.5000000000847,44.28540456433119
647.6000000000847,35.065475016041425
647.7000000000847,40.72270395978912
647.8000000000848,61.72266911651545
647.9000000000848,82.73084889431104
648.0000000000848,83.06316393267322
648.1000000000848,66.50648840631428
648.2000000000849,47.840912048759236
648.3000000000849,37.33318486599854
648.4000000000849,41.551160779975895
648.5000000000849,56.47157215720795
648.600000000085,72.94357800782764
648.700000000085,75.44907701628581
648.800000000085,54.35957944634917
648.900000000085,35.97724381760951
649.000000000085,45.356220463005926
649.1000000000851,62.57192445440531
649.2000000000851,66.9379893822876
649.3000000000851,73.31418453042467
649.4000000000851,93.74953161148427
649.5000000000852,108.89238256796654
649.6000000000852,104.01246538867196
649.7000000000852,91.96351370619122
649.8000000000852,83.09757026771578
649.9000000000852,71.71445334519458
650.0000000000853,57.51966844840436
650.1000000000853,55.58364480962978
650.2000000000853,67.89675672502509
650.3000000000853,70.08970029609226
650.4000000000854,53.96640481740248
650.5000000000854,40.78665504610507
650.6000000000854,41.29739731175615
650.7000000000854,48.11555561083136
650.8000000000854,54.78826340277292
650.9000000000855,57.72136634901535
651.0000000000855,55.58087178478476
651.1000000000855,49.49742701404449
651.2000000000855,45.01473047385418
651.3000000000856,50.909674743477154
651.4000000000856,60.99615338753479
651.5000000000856,58.083000757467985
651.6000000000856,49.57590080358601
651.7000000000857,58.60299896584934
651.8000000000857,74.68134542778112
651.9000000000857,69.05401496943196
652.0000000000857,52.73568756469759
652.1000000000857,55.210089151652944
652.2000000000858,67.07487880835625
652.3000000000858,64.19990128909242
652.4000000000858,58.43498147466257
652.5000000000858,71.5411994606969
652.6000000000859,88.2865423624077
652.7000000000859,85.71672602721634
652.8000000000859,75.29247251574226
652.9000000000859,74.26335971211876
653.000000000086,73.98129200001682
653.100000000086,65.19330652433678
653.200000000086,65.6561175813563
653.300000000086,87.02420094994716
653.400000000086,97.36486505011818
653.5000000000861,75.96169518414119
653.6000000000861,62.41031898794897
653.7000000000861,81.46798729014046
653.8000000000861,92.07120413462296
653.9000000000862,71.35245364971358
654.0000000000862,59.287431203071634
654.1000000000862,77.35553483686358
654.2000000000862,95.55974138688471
654.3000000000862,98.8177049394771
654.4000000000863,106.5338003716366
654.5000000000863,125.3517397249627
654.6000000000863,138.65310651759629
654.7000000000863,136.80084027183338
654.8000000000864,121.89963766576338
654.9000000000864,109.3716939446266
655.0000000000864,126.81420947769097
655.1000000000864,161.18718736491627
655.2000000000864,162.63077686355425
655.3000000000865,142.63720371145
655.4000000000865,161.14985310296845
655.5000000000865,203.69289857382495
655.6000000000865,206.42841999702935
655.7000000000866,190.36399298522954
655.8000000000866,224.30842250103512
655.9000000000866,298.759563333597
656.0000000000866,365.4845821359688
656.1000000000867,424.4789440484128
656.2000000000867,491.2706937550483
656.3000000000867,524.4788688231135
656.4000000000867,474.74608224189103
656.5000000000867,386.75935887935856
656.6000000000868,326.3152336075017
656.7000000000868,294.4635946961386
656.8000000000868,273.32449289404866
656.9000000000868,250.05321113696402
657.0000000000869,218.86498267586953
657.1000000000869,194.6552562067829
657.2000000000869,187.7460696869676
657.3000000000869,179.97900185811756
657.400000000087,158.17757299914416
657.500000000087,136.70142721855973
657.600000000087,126.22166879716708
657.700000000087,118.94955207881313
657.800000000087,109.80767056097649
657.9000000000871,103.86530008725826
658.0000000000871,101.34496006993649
658.1000000000871,92.5588533824469
658.2000000000871,77.21492927757222
658.3000000000872,69.73269408645905
658.4000000000872,73.8538940863712
658.5000000000872,78.66907748118771
658.6000000000872,78.93336879460331
658.7000000000872,76.62709193751108
658.8000000000873,74.76743694652772
658.9000000000873,76.65605130010711
659.0000000000873,79.878965701917
659.1000000000873,77.81826161764745
659.2000000000874,69.99271358310708
659.3000000000874,60.48228556405913
659.4000000000874,54.9716356096581
659.5000000000874,58.51872893232978
659.6000000000874,62.522356625929696
659.7000000000875,54.5787545680218
659.8000000000875,46.76436388753287
659.9000000000875,56.80054600089579
660.0000000000875,69.65575332754658
660.1000000000876,63.34491137894048
660.2000000000876,44.57849347725063
660.3000000000876,28.459182052731496
660.4000000000876,26.211778080290046
660.5000000000877,41.985364166398355
660.6000000000877,57.76462161341053
660.7000000000877,58.57075219906032
660.8000000000877,54.743160794309844
660.9000000000877,56.50093434344404
661.0000000000878,60.816195985863686
661.1000000000878,62.974217770875036
661.2000000000878,59.33777912731347
661.3000000000878,49.77482986993804
661.4000000000879,40.51369255990489
661.5000000000879,34.8566996865266
661.6000000000879,30.245217995821054
661.7000000000879,27.446315920603357
661.800000000088,32.37241048934702
661.900000000088,42.69820510865875
662.000000000088,46.30344395395719
662.100000000088,44.02649396837607
662.200000000088,49.81590381072304
662.3000000000881,62.447923212734054
662.4000000000881,67.33762233373426
662.5000000000881,58.16460507300596
662.6000000000881,36.48668812383761
662.7000000000882,18.743516036938818
662.8000000000882,27.42830108747209
662.9000000000882,52.266563550039685
663.0000000000882,67.29040159594867
663.1000000000882,65.62925312876285
663.2000000000883,51.12424390652966
663.3000000000883,38.430377035038184
663.4000000000883,41.22597265247203
663.5000000000883,45.14133586249395
663.6000000000884,34.332464408110305
663.7000000000884,28.1269174703074
663.8000000000884,43.8588903236797
663.9000000000884,54.8372515812757
664.0000000000884,38.78998606153642
664.1000000000885,19.16646599428925
664.2000000000885,18.366421848993987
664.3000000000885,32.82195077637688
664.4000000000885,52.36241752430204
664.5000000000886,61.60765909898225
664.6000000000886,55.40231737668261
664.7000000000886,48.74883590989915
664.8000000000886,48.646582399813425
664.9000000000887,46.244811474664345
665.0000000000887,41.58006877506278
665.1000000000887,47.92166645811501
665.2000000000887,62.90000669734547
665.3000000000887,66.08233235974514
665.4000000000888,54.63093507995475
665.5000000000888,43.33560472561395
665.6000000000888,40.48139008960136
665.7000000000888,47.588042661342385
665.8000000000889,55.74827606605898
665.9000000000889,51.06654109029948
666.0000000000889,42.264266693979664
666.1000000000889,48.35241454321402
666.200000000089,61.535745885760925
666.300000000089,63.62888696103547
666.400000000089,57.65699184328999
666.500000000089,54.271444472370845
666.600000000089,56.70950536304051
666.7000000000891,63.677905497780834
666.8000000000891,64.92757712989656
666.9000000000891,52.185187875476316
667.0000000000891,34.82431612583714
667.1000000000892,24.602730634139185
667.2000000000892,27.321293124030188
667.3000000000892,41.83232362947285
667.4000000000892,51.771955256798925
667.5000000000892,48.831647443238296
667.6000000000893,47.90505092444775
667.7000000000893,55.73736777068341
667.8000000000893,58.390199186560835
667.9000000000893,49.74891112848893
668.0000000000894,39.27902415152123
668.1000000000894,33.62214928481285
668.2000000000894,33.89773033293799
668.3000000000894,39.74070118013566
668.4000000000894,49.294710180097034
668.5000000000895,55.34213662413701
668.6000000000895,46.89962829103577
668.7000000000895,31.18406237294407
668.8000000000895,27.978325298236683
668.9000000000896,34.128849742998206
669.0000000000896,33.10229403259881
669.1000000000896,28.178653603857807
669.2000000000896,31.515400778103203
669.3000000000897,37.6788603670867
669.4000000000897,35.67489492566241
669.5000000000897,31.11576915343715
669.6000000000897,33.66210717190551
669.7000000000897,40.89105596937497
669.8000000000898,46.83342484782392
669.9000000000898,46.780318480546725
670.0000000000898,39.40014507562086
670.1000000000898,33.79282195139309
670.2000000000899,34.348611053157676
670.3000000000899,25.99731914211716
670.4000000000899,12.991974572955193
670.5000000000899,51.96454130012674
670.60000000009,148.494203536656
670.70000000009,196.30763916901853
670.80000000009,151.88808598310314
670.90000000009,92.35000797314457
671.00000000009,63.14431278082959
671.1000000000901,52.57216447255512
671.2000000000901,50.756293128546076
671.3000000000901,54.36880234800871
671.4000000000901,59.53195466055027
671.5000000000902,61.89267812181838
671.6000000000902,62.89476385179339
671.7000000000902,67.50047439375983
671.8000000000902,67.81757091466699
671.9000000000902,50.50509735627047
672.0000000000903,31.293837115620118
672.1000000000903,36.71553182343048
672.2000000000903,54.326959712474014
672.3000000000903,58.63344678679307
672.4000000000904,52.455552934160714
672.5000000000904,46.3577621462041
672.6000000000904,36.964546685154666
672.7000000000904,21.77725902132589
672.8000000000904,18.668891675073496
672.9000000000905,38.70862738534703
673.0000000000905,54.73497003157468
673.1000000000905,47.00614565296444
673.2000000000905,35.548849990418496
673.3000000000906,36.86529587755043
673.4000000000906,45.83897399167599
673.5000000000906,54.45389313577548
673.6000000000906,54.71767899594387
673.7000000000907,47.391261824849536
673.8000000000907,45.77902038640371
673.9000000000907,50.42329767825362
674.0000000000907,45.681378703650104
674.1000000000907,32.55785562644157
674.2000000000908,29.0202909807458
674.3000000000908,35.287850850187226
674.4000000000908,37.02195629780764
674.5000000000908,34.7735116751777
674.6000000000909,38.68101069224945
674.7000000000909,46.622620670918536
674.8000000000909,50.704973502291345
674.9000000000909,54.78627722626373
675.000000000091,65.42418821584128
675.100000000091,70.42691048721984
675.200000000091,56.71493844545637
675.300000000091,44.01590266479586
675.400000000091,55.4272209608895
675.5000000000911,85.21287618786738
675.6000000000911,115.6013068583255
675.7000000000911,113.5002635118037
675.8000000000911,67.15233084658976
675.9000000000912,30.069264735447273
676.0000000000912,33.79810192718095
676.1000000000912,38.96370500514074
676.2000000000912,26.920189108671185
676.3000000000912,31.87647322848514
676.4000000000913,57.907377168950426
676.5000000000913,58.324532096550726
676.6000000000913,28.879330327868438
676.7000000000913,19.49478241455541
676.8000000000914,36.979807563532304
676.9000000000914,43.80431409733911
677.0000000000914,32.65583097240374
677.1000000000914,22.11160472734836
677.2000000000914,24.218395338979636
677.3000000000915,43.40632144116638
677.4000000000915,58.56768501717299
677.5000000000915,41.58175944930177
677.6000000000915,17.173924028135662
677.7000000000916,24.182389525181023
677.8000000000916,43.40150167980785
677.9000000000916,42.875392500528704
678.0000000000916,30.766746193911658
678.1000000000917,24.129372066847484
678.2000000000917,29.064990103152283
678.3000000000917,43.082970992013024
678.4000000000917,45.62568835261534
678.5000000000917,29.509088420811413
678.6000000000918,27.96346188534887
678.7000000000918,51.82247029962307
678.8000000000918,56.68250230619906
678.9000000000918,30.068092775986834
679.0000000000919,19.967508024342738
679.1000000000919,40.431127695828046
679.2000000000919,54.87949291241888
679.3000000000919,48.92402901508827
679.400000000092,35.58265037671917
679.500000000092,26.955958312576833
679.600000000092,31.746857079083266
679.700000000092,39.605351635395714
679.800000000092,29.557007546032715
679.9000000000921,11.344464053863273
680.0000000000921,9.829140669203472
680.1000000000921,25.870329117294048
680.2000000000921,47.68295109235979
680.3000000000922,56.4117127907624
680.4000000000922,37.760837027864866
680.5000000000922,12.81462044692827
680.6000000000922,6.292399131164128
680.7000000000922,15.147380039496058
680.8000000000923,29.62608222780797
680.9000000000923,40.0448115165089
681.0000000000923,40.01205843990973
681.1000000000923,31.21861874107228
681.2000000000924,19.299450632402948
681.3000000000924,15.160689415494543
681.4000000000924,22.560947841586593
681.5000000000924,32.926679232162925
681.6000000000925,40.462669910173894
681.7000000000925,44.45726215913432
681.8000000000925,45.31057741455555
681.9000000000925,44.168865622667056
682.0000000000925,40.93064452064185
682.1000000000926,34.81883004421519
682.2000000000926,30.63077776796364
682.3000000000926,36.12914483055012
682.4000000000926,49.802812381903294
682.5000000000927,63.86626740644431
682.6000000000927,63.07728158915359
682.7000000000927,35.53763245228947
682.8000000000927,8.544202883608977
682.9000000000927,13.164037399851125
683.0000000000928,32.579119470755735
683.1000000000928,41.90038760327437
683.2000000000928,36.67566793372093
683.3000000000928,23.322909433909363
683.4000000000929,26.011552476999313
683.5000000000929,52.21858383900084
683.6000000000929,64.7655227787303
683.7000000000929,47.286020679943014
683.800000000093,31.864809909762194
683.900000000093,31.606913530029153
684.000000000093,25.193144803647062
684.100000000093,13.56771329484577
684.200000000093,25.447665870822917
684.3000000000931,54.14858496879564
684.4000000000931,60.44503861788183
684.5000000000931,46.24168797492727
684.6000000000931,43.055146881189124
684.7000000000932,48.21220573412175
684.8000000000932,40.988036978640764
684.9000000000932,31.14899447798304
685.0000000000932,37.706438025052044
685.1000000000932,40.855266075734804
685.2000000000933,17.659235131956304
685.3000000000933,6.121078525207998
685.4000000000933,40.54340847285738
685.5000000000933,67.13745339586737
685.6000000000934,42.752300722453434
685.7000000000934,21.662189288142756
685.8000000000934,41.758008433456894
685.9000000000934,57.66576190005789
686.0000000000935,43.7743711735342
686.1000000000935,34.859148150037896
686.2000000000935,43.69824395325068
686.3000000000935,40.229242256715786
686.4000000000935,22.652726137451815
686.5000000000936,26.309491074063175
686.6000000000936,49.32608179603723
686.7000000000936,53.77118146799815
686.8000000000936,42.2517193016776
686.9000000000937,47.29894149728584
687.0000000000937,65.57334096853704
687.1000000000937,73.89976538342161
687.2000000000937,76.82625626342657
687.3000000000937,88.59649480705733
687.4000000000938,95.36746994554713
687.5000000000938,79.50335207326233
687.6000000000938,59.84326290404652
687.7000000000938,57.760517560007834
687.8000000000939,60.98304570116415
687.9000000000939,54.02332806297676
688.0000000000939,35.947724607935555
688.1000000000939,15.652833800255735
688.200000000094,18.44778907490083
688.300000000094,46.69505959612204
688.400000000094,56.79349389528006
688.500000000094,37.91124274527193
688.600000000094,33.271977092613994
688.7000000000941,49.60143706765087
688.8000000000941,47.938613071185614
688.9000000000941,29.699495285652645
689.0000000000941,33.44094548132235
689.1000000000942,55.3192212051372
689.2000000000942,61.719352450787966
689.3000000000942,48.88442485752317
689.4000000000942,31.347279659152054
689.5000000000942,25.130859242603485
689.6000000000943,41.44124008749914
689.7000000000943,59.68076995491568
689.8000000000943,55.79271065251417
689.9000000000943,42.50675584920401
690.0000000000944,36.84137395752575
690.1000000000944,34.58130711189264
690.2000000000944,30.945904949489083
690.3000000000944,32.02955495872778
690.4000000000945,40.14593012514088
690.5000000000945,45.95579666643278
690.6000000000945,46.370487719249596
690.7000000000945,50.78250111426207
690.8000000000945,57.829977723113416
690.9000000000946,51.32718440172397
691.0000000000946,33.983535248817155
691.1000000000946,28.005740384032862
691.2000000000946,36.34351107822302
691.3000000000947,45.7544990817371
691.4000000000947,48.06070745097122
691.5000000000947,40.39184403676341
691.6000000000947,34.49840882144968
691.7000000000947,45.352012292591446
691.8000000000948,60.39696936676844
691.9000000000948,60.29638670074434
692.0000000000948,46.661187659922874
692.1000000000948,29.616788469095383
692.2000000000949,27.00887818749188
692.3000000000949,47.26137196024984
692.4000000000949,66.28555269407627
692.5000000000949,65.38627784261833
692.600000000095,51.07515274017696
692.700000000095,33.63088434990041
692.800000000095,23.797689950078386
692.900000000095,26.50647050921426
693.000000000095,38.54728219636169
693.1000000000951,54.101518530610264
693.2000000000951,65.21983184283042
693.3000000000951,64.91593066277473
693.4000000000951,48.76292157350544
693.5000000000952,32.59027025738518
693.6000000000952,41.36566803704151
693.7000000000952,60.34966067496849
693.8000000000952,60.25876021786089
693.9000000000952,54.758375404192726
694.0000000000953,67.06447303968939
694.1000000000953,80.0601209473027
694.2000000000953,71.55489196510483
694.3000000000953,48.157750495143155
694.4000000000954,24.213649643958796
694.5000000000954,16.573817581481435
694.6000000000954,32.025192558306
694.7000000000954,53.939007668198414
694.8000000000955,65.99002022103186
694.9000000000955,58.30506969001278
695.0000000000955,40.5718797525078
695.1000000000955,46.54874090129181
695.2000000000955,72.22782851688207
695.3000000000956,74.40785586909544
695.4000000000956,54.066638233247645
695.5000000000956,47.46800349326875
695.6000000000956,55.44046353511985
695.7000000000957,57.09500493859889
695.8000000000957,48.77692360018045
695.9000000000957,37.53836535008624
696.0000000000957,41.84408421811131
696.1000000000957,74.68913644187536
696.2000000000958,102.39783713650336
696.3000000000958,137.722306771536
696.4000000000958,407.7587715911842
696.5000000000958,938.0247157864019
696.6000000000959,1082.634707561295
696.7000000000959,563.1326074740496
696.8000000000959,88.9288616714881
696.9000000000959,45.247044707157485
697.000000000096,106.52277758945417
697.100000000096,86.70042169799467
697.200000000096,51.61025607936157
697.300000000096,37.94966708060844
697.400000000096,38.65515028737912
697.5000000000961,45.16691115386086
697.6000000000961,49.46748082483757
697.7000000000961,46.69656440653693
697.8000000000961,35.806908497950296
697.9000000000962,30.409717627525545
698.0000000000962,44.3281818869297
698.1000000000962,56.00993216368704
698.2000000000962,43.59764743227674
698.3000000000962,34.31630336416265
698.4000000000963,50.20622225390907
698.5000000000963,57.8487488750101
698.6000000000963,37.45182443685469
698.7000000000963,26.230483965041724
698.8000000000964,38.22575447833841
698.9000000000964,31.8888283148729
699.0000000000964,2.8712930285764315
699.1000000000964,4.629077216394598
699.2000000000965,40.13995968574816
699.3000000000965,56.26190828450603
699.4000000000965,47.853565852271586
699.5000000000965,49.302246067707365
699.6000000000965,61.10601651977693
699.7000000000966,63.11959511481013
699.8000000000966,52.21860032341125
699.9000000000966,35.02310088396473
700.0000000000966,25.023352947251748
700.1000000000967,32.94864177240047
700.2000000000967,45.49850476824109
700.3000000000967,49.07709997166993
700.4000000000967,51.8970832097707
700.5000000000967,60.20973447875926
700.6000000000968,63.7911957122035
700.7000000000968,56.4963009192937
700.8000000000968,44.885696407522616
700.9000000000968,35.18522332838846
701.0000000000969,30.829535466916873
701.1000000000969,29.657733169483816
701.2000000000969,24.203328126632353
701.3000000000969,21.05471156006835
701.400000000097,36.89567090864751
701.500000000097,58.57984929663558
701.600000000097,57.217082617530124
701.700000000097,43.268099576919234
701.800000000097,42.049482489953405
701.9000000000971,44.208355716624865
702.0000000000971,34.203045590345
702.1000000000971,30.400170344162717
702.2000000000971,48.13030026764111
702.3000000000972,58.649111819289956
702.4000000000972,42.13856966898478
702.5000000000972,25.65556381203978
702.6000000000972,27.889126850768317
702.7000000000972,37.221123885566165
702.8000000000973,45.06056514472751
702.9000000000973,52.2992745918285
703.0000000000973,58.84565884916233
703.1000000000973,62.8769436093745
703.2000000000974,66.6850805553594
703.3000000000974,75.29311634857018
703.4000000000974,82.81642671332271
703.5000000000974,78.50184569265976
703.6000000000975,71.96293811724945
703.7000000000975,78.65506580425684
703.8000000000975,86.94732637340422
703.9000000000975,80.9695428622612
704.0000000000975,71.65036012421245
704.1000000000976,72.11052242047725
704.2000000000976,78.04377118439643
704.3000000000976,82.23974151326325
704.4000000000976,79.17598458102202
704.5000000000977,67.39423045061567
704.6000000000977,52.48154577168323
704.7000000000977,42.596444619669676
704.8000000000977,47.79683417738534
704.9000000000977,61.9720483025229
705.0000000000978,63.03525367015842
705.1000000000978,50.76082849636298
705.2000000000978,42.45648773905813
705.3000000000978,46.369822715322144
705.4000000000979,62.32627403363831
705.5000000000979,70.7453736951845
705.6000000000979,52.00720784737818
705.7000000000979,35.99521130930934
705.800000000098,53.118394226568576
705.900000000098,66.68140026781272
706.000000000098,48.23453752046932
706.100000000098,44.108455257395825
706.200000000098,70.98679125701224
706.3000000000981,51.68256152247832
706.4000000000981,34.586664322256425
706.5000000000981,286.7698111069311
706.6000000000981,743.7164823588608
706.7000000000982,919.4889613314366
706.8000000000982,718.6158660980524
706.9000000000982,431.6107944123263
707.0000000000982,211.92105628889985
707.1000000000982,96.6425914250677
707.2000000000983,61.84596951545958
707.3000000000983,56.37612855960975
707.4000000000983,58.814060725413725
707.5000000000983,61.4625426446083
707.6000000000984,64.16510470797138
707.7000000000984,67.92926517752161
707.8000000000984,70.0961285128735
707.9000000000984,69.06138152990573
708.0000000000985,67.85500729490876
708.1000000000985,66.07363670445794
708.2000000000985,55.742737360573756
708.3000000000985,39.54745770310219
708.4000000000985,35.765629647814464
708.5000000000986,47.22527498347598
708.6000000000986,59.19870403408473
708.7000000000986,59.076842757042606
708.8000000000986,38.89105596614302
708.9000000000987,14.666297096360317
709.0000000000987,13.067661913280029
709.1000000000987,32.60403809249959
709.2000000000987,59.04253576957395
709.3000000000987,78.16091498751447
709.4000000000988,79.04210777406135
709.5000000000988,63.330329251747415
709.6000000000988,39.17518721970689
709.7000000000988,24.3809053041895
709.8000000000989,27.54100346890732
709.9000000000989,35.16936674693884
710.0000000000989,40.108364173354985
710.1000000000989,48.535114054641504
710.200000000099,55.393938541736546
710.300000000099,43.03403634165514
710.400000000099,20.31994127973221
710.500000000099,16.94853660406796
710.600000000099,33.48329362257529
710.7000000000991,51.86773881769651
710.8000000000991,58.49147754827412
710.9000000000991,46.16389358649932
711.0000000000991,31.022238562994204
711.1000000000992,31.922775131129637
711.2000000000992,45.866687963450566
711.3000000000992,61.84227797270705
711.4000000000992,61.64729289011418
711.5000000000992,40.62388241753004
711.6000000000993,25.359284195665055
711.7000000000993,28.95352372485662
711.8000000000993,37.26727795182499
711.9000000000993,41.45153378785927
712.0000000000994,41.82033179404934
712.1000000000994,41.95449203619205
712.2000000000994,46.77826614814576
712.3000000000994,48.6326069545788
712.4000000000995,35.52304876522767
712.5000000000995,27.089861603820864
712.6000000000995,47.941957647702566
712.7000000000995,64.01480608348223
712.8000000000995,39.23075850713989
712.9000000000996,12.808077484448072
713.0000000000996,22.340278270900704
713.1000000000996,45.72607459508328
713.2000000000996,59.674274247833154
713.3000000000997,61.02896523633216
713.4000000000997,50.99463086847497
713.5000000000997,33.65841711324584
713.6000000000997,15.26547521897296
713.7000000000997,4.009911663876943
713.8000000000998,3.713444216932763
713.9000000000998,14.04397045399847
714.0000000000998,31.07100421489499
714.1000000000998,48.4199802360205
714.2000000000999,57.843575666909224
714.3000000000999,53.257398298940096
714.4000000000999,44.93393211715312
714.5000000000999,47.86683823924218
714.6000000001,73.97552081049199
714.7000000001,118.24695947704045
714.8000000001,131.458519781367
714.9000000001,91.51153099618375
715.0000000001,44.845044224796496
715.1000000001001,22.664710766553164
715.2000000001001,21.89736762190948
715.3000000001001,33.507231647898706
715.4000000001001,45.400116183638865
715.5000000001002,52.61960352841335
715.6000000001002,55.718490357877116
715.7000000001002,51.863278001939996
715.8000000001002,38.593194246195274
715.9000000001002,30.771094265665138
716.0000000001003,43.34714704691331
716.1000000001003,55.05874796731211
716.2000000001003,45.79540903849699
716.3000000001003,38.16983394045136
716.4000000001004,47.83714287954561
716.5000000001004,50.34079328822211
716.6000000001004,36.102625344985796
716.7000000001004,32.615484902380636
716.8000000001005,42.621087535934784
716.9000000001005,32.87976374580557
717.0000000001005,7.18622516253752
717.1000000001005,4.610698588079777
717.2000000001005,22.9189390150919
717.3000000001006,31.927803688707293
717.4000000001006,24.903468343701984
717.5000000001006,10.214299322930398
717.6000000001006,11.591971140679071
717.7000000001007,44.49104486365093
717.8000000001007,64.76100561670708
717.9000000001007,39.008484008152365
718.0000000001007,13.509755248646506
718.1000000001007,19.96526785441225
718.2000000001008,27.33199990147761
718.3000000001008,20.651601830748337
718.4000000001008,21.867231915801984
718.5000000001008,34.383364645309825
718.6000000001009,38.10916655538999
718.7000000001009,33.3424706372133
718.8000000001009,36.85307924556675
718.9000000001009,47.95547625656596
719.000000000101,55.57350225347383
719.100000000101,52.76611582741837
719.200000000101,37.827214998453314
719.300000000101,25.806357166098955
719.400000000101,29.297381275371396
719.5000000001011,34.03262628496285
719.6000000001011,27.44061960701389
719.7000000001011,15.624956492195079
719.8000000001011,5.91757165448181
719.9000000001012,2.7462338544792835
720.0000000001012,7.92576480470453
720.1000000001012,20.131417797928613
720.2000000001012,34.69053518805059
720.3000000001012,44.22627598103262
720.4000000001013,44.501401798800025
720.5000000001013,35.422914769639924
720.6000000001013,32.818038413002924
720.7000000001013,53.24840491617085
720.8000000001014,73.04295843072694
720.9000000001014,65.57902606564274
721.0000000001014,48.20503761762715
721.1000000001014,40.9490744426388
721.2000000001015,41.55846923399
721.3000000001015,44.35557704113848
721.4000000001015,44.462316855255146
721.5000000001015,41.25250840706332
721.6000000001015,39.63842234084799
721.7000000001016,37.27068532305835
721.8000000001016,25.369124847102135
721.9000000001016,15.130662059181034
722.0000000001016,28.725491851634473
722.1000000001017,51.135726712880754
722.2000000001017,53.30719640096937
722.3000000001017,43.16782726993057
722.4000000001017,37.939688173285724
722.5000000001017,34.47373629221182
722.6000000001018,28.844960016893726
722.7000000001018,30.645044388567936
722.8000000001018,42.02264321903614
722.9000000001018,44.8881461447842
723.0000000001019,34.87942031504425
723.1000000001019,31.00871394472385
723.2000000001019,34.71551225690424
723.3000000001019,28.069364237493005
723.400000000102,15.514984176074172
723.500000000102,17.010180511187333
723.600000000102,27.72662165662425
723.700000000102,31.455242489635598
723.800000000102,29.086320416520753
723.9000000001021,27.838358270250293
724.0000000001021,32.860302735926645
724.1000000001021,43.64900675817177
724.2000000001021,44.403256496996136
724.3000000001022,27.978855482492378
724.4000000001022,11.561929022030814
724.5000000001022,8.37738714598921
724.6000000001022,20.564301868061662
724.7000000001022,38.24532187532504
724.8000000001023,40.8361827535457
724.9000000001023,28.12164535832857
725.0000000001023,15.747983625307352
725.1000000001023,14.648099050098601
725.2000000001024,29.5474776616255
725.3000000001024,43.848761839668974
725.4000000001024,39.441333577451026
725.5000000001024,28.148916366979453
725.6000000001025,25.51278786434272
725.7000000001025,33.76101266717609
725.8000000001025,47.27513757732003
725.9000000001025,49.483603587321646
726.0000000001025,36.04774152189435
726.1000000001026,22.51132312143313
726.2000000001026,18.53736236072812
726.3000000001026,25.413087847032067
726.4000000001026,37.940554674885234
726.5000000001027,46.941179927186
726.6000000001027,49.214866144114815
726.7000000001027,44.77928645418368
726.8000000001027,33.19854019164505
726.9000000001028,22.683991568965826
727.0000000001028,58.12581341105549
727.1000000001028,159.43031543381576
727.2000000001028,248.56317157357958
727.3000000001028,261.99590303531346
727.4000000001029,199.88434995274298
727.5000000001029,100.48812354491865
727.6000000001029,42.16145357829356
727.7000000001029,39.84560331644126
727.800000000103,44.43417551822692
727.900000000103,38.32744065478908
728.000000000103,28.25857815804985
728.100000000103,19.67579902272889
728.200000000103,16.275397723533516
728.3000000001031,17.03154794597592
728.4000000001031,19.055005197649326
728.5000000001031,18.64590493356603
728.6000000001031,16.519472440226323
728.7000000001032,25.221817050565146
728.8000000001032,44.148985210977195
728.9000000001032,46.14462333370189
729.0000000001032,28.70578529330181
729.1000000001033,23.07975072131107
729.2000000001033,34.18525673396824
729.3000000001033,42.06896637412325
729.4000000001033,39.60724254744351
729.5000000001033,29.625443298474114
729.6000000001034,22.96760411722762
729.7000000001034,29.80464805261979
729.8000000001034,39.32739580876671
729.9000000001034,39.0452532207298
730.0000000001035,32.625206876374044
730.1000000001035,24.941613523555265
730.2000000001035,15.963913883470475
730.3000000001035,10.209349103854702
730.4000000001035,19.850560298776713
730.5000000001036,37.00833710451703
730.6000000001036,32.749060589059994
730.7000000001036,15.118355917942681
730.8000000001036,18.240058919988808
730.9000000001037,33.654982601371685
731.0000000001037,34.540489591887905
731.1000000001037,31.92431195294366
731.2000000001037,43.27146708402155
731.3000000001038,50.820906422319744
731.4000000001038,39.36038977263844
731.5000000001038,27.174639762558265
731.6000000001038,29.102751863173868
731.7000000001038,41.66129090444305
731.8000000001039,55.7451319453794
731.9000000001039,58.00875735384651
732.0000000001039,46.54827966820696
732.1000000001039,30.776244648968365
732.200000000104,20.533928132790702
732.300000000104,23.36184954368742
732.400000000104,28.988252890905184
732.500000000104,23.82414858572927
732.600000000104,20.175017984330047
732.7000000001041,31.07762343659937
732.8000000001041,43.62788230644244
732.9000000001041,44.597634462557096
733.0000000001041,33.01277526883788
733.1000000001042,16.143480873154637
733.2000000001042,11.126687977512026
733.3000000001042,19.088588464715176
733.4000000001042,23.048252182798475
733.5000000001043,19.349904590756143
733.6000000001043,15.314466894556748
733.7000000001043,15.485613558387497
733.8000000001043,21.34092003748234
733.9000000001043,25.99835359508872
734.0000000001044,22.054163042030538
734.1000000001044,12.631736957484431
734.2000000001044,4.100288530088385
734.3000000001044,4.382835020209301
734.4000000001045,16.903314547057896
734.5000000001045,36.18616717299671
734.6000000001045,50.7640538545763
734.7000000001045,44.02224684113974
734.8000000001045,23.606935820555684
734.9000000001046,16.716676154763288
735.0000000001046,23.587629881191166
735.1000000001046,28.98669879457793
735.2000000001046,30.016941007321236
735.3000000001047,29.719980933379055
735.4000000001047,33.71258042255047
735.5000000001047,43.94201850881249
735.6000000001047,49.015613092921896
735.7000000001048,42.972479535937886
735.8000000001048,36.137829149155365
735.9000000001048,36.91246996541901
736.0000000001048,47.62120191188465
736.1000000001048,58.79864987705985
736.2000000001049,52.06442451738425
736.3000000001049,37.36168682371312
736.4000000001049,40.35439272137517
736.5000000001049,55.84067575066431
736.600000000105,65.38966723732021
736.700000000105,57.89911645314643
736.800000000105,35.0676222794622
736.900000000105,33.35238740028363
737.000000000105,67.23601677783702
737.1000000001051,86.64270947079035
737.2000000001051,71.99500688671657
737.3000000001051,62.48656862997272
737.4000000001051,72.03969704504905
737.5000000001052,83.39710815085665
737.6000000001052,89.2803450186313
737.7000000001052,91.84747677601646
737.8000000001052,101.97802917704001
737.9000000001053,121.15093565288848
738.0000000001053,76.77869002239117
738.1000000001053,8.253134876366659
738.2000000001053,438.7440717974611
738.3000000001053,1442.2735897206558
738.4000000001054,1796.7953915428243
738.5000000001054,1072.3138669977006
738.6000000001054,378.1184978753254
738.7000000001054,191.0723216716077
738.8000000001055,153.38876501810844
738.9000000001055,106.44447116629127
739.0000000001055,73.99952628396116
739.1000000001055,63.06400653716154
739.2000000001055,67.40191591680507
739.3000000001056,68.7847042223058
739.4000000001056,54.22821163549616
739.5000000001056,45.034144044145975
739.6000000001056,57.19266409774444
739.7000000001057,74.98995562117771
739.8000000001057,80.01467803016638
739.9000000001057,58.11890256880441
740.0000000001057,24.33703658392693
740.1000000001058,22.434771694900842
740.2000000001058,45.03371621328529
740.3000000001058,49.35515428698886
740.4000000001058,38.06472257417086
740.5000000001058,33.8303059930807
740.6000000001059,35.017449596712176
740.7000000001059,33.20158161719442
740.8000000001059,26.45942614779537
740.9000000001059,18.176070596083346
741.000000000106,20.718384314242563
741.100000000106,34.738047808851434
741.200000000106,40.48189019121893
741.300000000106,34.7289708081146
741.400000000106,33.58098672235292
741.5000000001061,39.454967143243856
741.6000000001061,44.00268916097133
741.7000000001061,41.77072326269132
741.8000000001061,31.398783648990566
741.9000000001062,25.032359829396174
742.0000000001062,32.68283886619713
742.1000000001062,40.677723112753505
742.2000000001062,39.120212263213155
742.3000000001063,38.785979376243205
742.4000000001063,43.06618784289917
742.5000000001063,39.81125116817106
742.6000000001063,28.088888376630756
742.7000000001063,20.019031407643403
742.8000000001064,24.537318279087742
742.9000000001064,44.78080741596947
743.0000000001064,59.123902369624574
743.1000000001064,43.18022599375065
743.2000000001065,20.05098503133488
743.3000000001065,16.999772683360803
743.4000000001065,24.688173058943082
743.5000000001065,30.879673221931206
743.6000000001065,33.50686971660078
743.7000000001066,34.438999915484786
743.8000000001066,39.02440279078779
743.9000000001066,45.73397425311901
744.0000000001066,46.73189790138677
744.1000000001067,43.472695394485
744.2000000001067,43.60568065915365
744.3000000001067,53.145696371666496
744.4000000001067,71.67330116596267
744.5000000001068,72.35024867804603
744.6000000001068,40.34731732038453
744.7000000001068,19.914339503954515
744.8000000001068,34.450156451011125
744.9000000001068,45.12540798536794
745.0000000001069,38.62436132121579
745.1000000001069,43.24198715920248
745.2000000001069,53.568494503767404
745.3000000001069,36.56042458029996
745.400000000107,14.307912409084922
745.500000000107,30.29948602087258
745.600000000107,46.089900607029655
745.700000000107,14.990564197974471
745.800000000107,-7.663905919255644
745.9000000001071,22.03857789914359
746.0000000001071,48.22700263704632
746.1000000001071,38.23234717780637
746.2000000001071,27.782334109036427
746.3000000001072,33.77988983541681
746.4000000001072,43.03341376907079
746.5000000001072,42.90803979164771
746.6000000001072,25.949680488964667
746.7000000001073,15.145141052257475
746.8000000001073,38.692523478742714
746.9000000001073,64.42524131623716
747.0000000001073,55.96138016500553
747.1000000001073,35.84916094393645
747.2000000001074,28.669877691172378
747.3000000001074,33.97805878005244
747.4000000001074,46.036512691658416
747.5000000001074,56.330655283332725
747.6000000001075,55.65510822908182
747.7000000001075,36.62642618154751
747.8000000001075,20.36797785408131
747.9000000001075,38.79351635641262
748.0000000001075,60.868124904656135
748.1000000001076,43.74542724465889
748.2000000001076,20.987492424267696
748.3000000001076,28.657580978686507
748.4000000001076,45.529683335994854
748.5000000001077,52.57511987051013
748.6000000001077,54.767031479250385
748.7000000001077,56.41744420976819
748.8000000001077,57.50200746790446
748.9000000001078,56.21765892502429
749.0000000001078,50.10489285949896
749.1000000001078,42.69533398527067
749.2000000001078,40.261456723127104
749.3000000001078,45.21595000453709
749.4000000001079,56.41548244386346
749.5000000001079,64.82980959232074
749.6000000001079,66.27732742295821
749.7000000001079,72.23361630797297
749.800000000108,84.54266615890346
749.900000000108,87.46280948764368
750.000000000108,86.63899618504738
750.100000000108,120.1316968875413
750.200000000108,337.2419074445605
750.3000000001081,879.5511143535125
750.4000000001081,1265.5136218546202
750.5000000001081,950.412680883959
750.6000000001081,401.7967079010718
750.7000000001082,181.02383980916287
750.8000000001082,270.79420354845
750.9000000001082,541.1215261110357
751.0000000001082,846.4795908063761
751.1000000001083,1024.37056291644
751.2000000001083,918.100374138457
751.3000000001083,779.8993560232124
751.4000000001083,1097.4148379114545
751.5000000001083,1421.483589901818
751.6000000001084,1010.1057520333019
751.7000000001084,357.938046851948
751.8000000001084,142.21743817312142
751.9000000001084,160.99958622579103
752.0000000001085,145.92294647617578
752.1000000001085,109.50823252338162
752.2000000001085,83.05817061622412
752.3000000001085,69.82766735913873
752.4000000001085,65.80502937825692
752.5000000001086,62.63334763067059
752.6000000001086,57.8648835164625
752.7000000001086,52.900632918317115
752.8000000001086,49.03273009679593
752.9000000001087,46.56858181970127
753.0000000001087,42.04093483851484
753.1000000001087,35.77633947804081
753.2000000001087,40.29300401369868
753.3000000001088,56.30739011895733
753.4000000001088,62.104699615926535
753.5000000001088,50.086114464771406
753.6000000001088,30.75954854710836
753.7000000001088,18.246737085260555
753.8000000001089,24.907599183250362
753.9000000001089,34.035501155766084
754.0000000001089,24.53894887060501
754.1000000001089,19.774247603308076
754.200000000109,38.94527614601083
754.300000000109,49.85780444302735
754.400000000109,36.78894390973807
754.500000000109,32.15859386143548
754.600000000109,43.057885969273826
754.7000000001091,40.71781629927569
754.8000000001091,26.350530597229373
754.9000000001091,24.019781565358098
755.0000000001091,28.90102130231939
755.1000000001092,24.62139378773684
755.2000000001092,16.63210439890233
755.3000000001092,14.450447547478039
755.4000000001092,16.708917251128327
755.5000000001093,20.80067994790378
755.6000000001093,26.16642863688094
755.7000000001093,29.34567721736407
755.8000000001093,23.200757428226527
755.9000000001093,11.502178127030314
756.0000000001094,6.896128773455159
756.1000000001094,11.844955707101377
756.2000000001094,22.26500271767238
756.3000000001094,31.184201537824435
756.4000000001095,32.76560299089352
756.5000000001095,29.04132533073517
756.6000000001095,25.064020832901946
756.7000000001095,28.468600858975215
756.8000000001095,36.23673794694805
756.9000000001096,30.3457046339082
757.0000000001096,13.153669491770408
757.1000000001096,5.663406572107032
757.2000000001096,9.1974983343201
757.3000000001097,13.415230180060085
757.4000000001097,13.980656558199266
757.5000000001097,11.432585463023326
757.6000000001097,15.760993472828456
757.7000000001098,28.773907372788333
757.8000000001098,27.568601955904576
757.9000000001098,11.167629873762792
758.0000000001098,15.856205372557945
758.1000000001098,36.7913948827275
758.2000000001099,30.389531584336606
758.3000000001099,14.463993766080216
758.4000000001099,35.47660661368014
758.5000000001099,58.99215538097196
758.60000000011,37.91660690239632
758.70000000011,9.235531629635009
758.80000000011,9.583534387250893
758.90000000011,21.784831590403005
759.00000000011,27.65962618039802
759.1000000001101,21.025514749517537
759.2000000001101,9.960371725429296
759.3000000001101,13.934677910438769
759.4000000001101,27.346184880630307
759.5000000001102,30.860894755068507
759.6000000001102,27.035716477018703
759.7000000001102,26.06353833369067
759.8000000001102,31.27739278507191
759.9000000001103,39.69494006096196
760.0000000001103,37.09241138109405
760.1000000001103,22.23777043695628
760.2000000001103,16.710049977554046
760.3000000001103,26.37640083623468
760.4000000001104,38.98977784681115
760.5000000001104,43.69474631250156
760.6000000001104,33.71032357422388
760.7000000001104,20.077511416447894
760.8000000001105,18.696455434278406
760.9000000001105,34.82686111388154
761.0000000001105,60.444874983311
761.1000000001105,61.63288606131862
761.2000000001105,33.55265664506182
761.3000000001106,21.703599397976717
761.4000000001106,32.1307247070106
761.5000000001106,29.986579351299312
761.6000000001106,21.59958753163973
761.7000000001107,34.68383196498554
761.8000000001107,53.012909204461614
761.9000000001107,52.10231102092388
762.0000000001107,46.83587372126635
762.1000000001108,51.26235374277741
762.2000000001108,53.78207148801931
762.3000000001108,50.562613696901984
762.4000000001108,54.74293302869113
762.5000000001108,65.08558177236944
762.6000000001109,66.50400638340165
762.7000000001109,61.46494145417944
762.8000000001109,66.51606958998651
762.9000000001109,115.60337063715697
763.000000000111,196.69322962342574
763.100000000111,100.4090566935187
763.200000000111,-17.60660986101078
763.300000000111,916.6783288273442
763.400000000111,2699.565748090178
763.5000000001111,3194.134873291722
763.6000000001111,2139.570856165609
763.7000000001111,1048.8165025152002
763.8000000001111,452.4669143886612
763.9000000001112,247.46262107249404
764.0000000001112,227.72704254108925
764.1000000001112,202.9743222143561
764.2000000001112,159.05723767973976
764.3000000001113,112.55469876164254
764.4000000001113,63.898723693696354
764.5000000001113,28.121532550863236
764.6000000001113,39.48243171670571
764.7000000001113,78.42040372923273
764.8000000001114,85.2891923519237
764.9000000001114,64.88036106648713
765.0000000001114,51.88211082712598
765.1000000001114,51.28790226721264
765.2000000001115,56.4667911192597
765.3000000001115,55.51617688438683
765.4000000001115,44.26988914133381
765.5000000001115,35.27152062810313
765.6000000001115,33.78482086604608
765.7000000001116,34.273751291147256
765.8000000001116,36.69436699003393
765.9000000001116,42.44746621808459
766.0000000001116,26.226965926115
766.1000000001117,-17.976539491980517
766.2000000001117,55.25638650827134
766.3000000001117,313.41183364565234
766.4000000001117,483.6098806797008
766.5000000001118,408.4057022521449
766.6000000001118,229.15119402134638
766.7000000001118,74.37093045231236
766.8000000001118,18.976385456161882
766.9000000001118,38.50017769214835
767.0000000001119,51.888731232312956
767.1000000001119,45.059281728811364
767.2000000001119,31.66954156916642
767.3000000001119,20.599292793953314
767.400000000112,16.916922662938457
767.500000000112,19.394527236527107
767.600000000112,22.83524450018337
767.700000000112,18.365632901021343
767.800000000112,14.933656247563448
767.9000000001121,34.48163384207674
768.0000000001121,56.390537570697255
768.1000000001121,44.62834094950823
768.2000000001121,22.29396699744173
768.3000000001122,20.4781027098663
768.4000000001122,24.04554433461415
768.5000000001122,22.2257594580398
768.6000000001122,33.14059840308416
768.7000000001123,58.615470578370754
768.8000000001123,75.91182399895922
768.9000000001123,75.47925278549118
769.0000000001123,60.57215346356142
769.1000000001123,41.94560748781119
769.2000000001124,31.451042634567266
769.3000000001124,29.00587481573978
769.4000000001124,25.668965795096913
769.5000000001124,-1.5756498738929494
769.6000000001125,-10.588198161833475
769.7000000001125,147.5861829297171
769.8000000001125,379.473641835697
769.9000000001125,353.05329030760083
770.0000000001125,136.7542811699239
770.1000000001126,30.12905280330758
770.2000000001126,26.023026347957927
770.3000000001126,18.36952805541336
770.4000000001126,13.946584183633458
770.5000000001127,28.854501249776664
770.6000000001127,37.91803925414827
770.7000000001127,32.78867256183861
770.8000000001127,35.76121279769407
770.9000000001128,47.17436273539645
771.0000000001128,48.20307257388564
771.1000000001128,40.648770587857214
771.2000000001128,35.56906124216891
771.3000000001128,31.53875899127706
771.4000000001129,26.2775823466973
771.5000000001129,27.432464699236792
771.6000000001129,34.780509081378916
771.7000000001129,31.15572158228727
771.800000000113,27.508033297656755
771.900000000113,61.79225148984838
772.000000000113,80.01210673783913
772.100000000113,19.89119537028934
772.200000000113,227.69032878113143
772.3000000001131,954.6470380566443
772.4000000001131,1353.2016877394724
772.5000000001131,870.2047576663408
772.6000000001131,305.87571265132306
772.7000000001132,142.98294057290525
772.8000000001132,127.13007880259566
772.9000000001132,107.82606273740785
773.0000000001132,80.56182819953771
773.1000000001133,51.47170753448251
773.2000000001133,29.46638831031001
773.3000000001133,22.121686339467008
773.4000000001133,29.274373146974483
773.5000000001133,28.688531652810394
773.6000000001134,16.1568486024378
773.7000000001134,26.489844183732977
773.8000000001134,53.75617714390856
773.9000000001134,46.845551081657476
774.0000000001135,19.438298273702234
774.1000000001135,22.543075870276855
774.2000000001135,44.15093670769254
774.3000000001135,53.32318478471852
774.4000000001136,49.60320502134633
774.5000000001136,38.269353249739986
774.6000000001136,20.851960463570208
774.7000000001136,5.925820969838187
774.8000000001136,11.14916409449334
774.9000000001137,30.825851204973237
775.0000000001137,41.19782941892262
775.1000000001137,39.36075346735905
775.2000000001137,32.64360925677445
775.3000000001138,23.916153798554515
775.4000000001138,15.430827092409288
775.5000000001138,11.594912308140673
775.6000000001138,14.564580636093897
775.7000000001138,22.00536789201325
775.8000000001139,29.538701984940424
775.9000000001139,32.00438449920104
776.0000000001139,34.122074351426626
776.1000000001139,43.22794669905512
776.200000000114,44.53657078141094
776.300000000114,25.15993918425769
776.400000000114,7.552181645672594
776.500000000114,9.208050520589289
776.600000000114,21.898796204313253
776.7000000001141,27.000044524175703
776.8000000001141,3.231187961368306
776.9000000001141,19.577248176275514
777.0000000001141,180.75781170510817
777.1000000001142,351.61377548553077
777.2000000001142,359.589016866703
777.3000000001142,331.1685044443151
777.4000000001142,368.44949705978905
777.5000000001143,328.90120562677254
777.6000000001143,176.77153884485563
777.7000000001143,74.87481337818177
777.8000000001143,61.38867699676823
777.9000000001143,58.11245189044761
778.0000000001144,47.59213955310319
778.1000000001144,42.55791240125595
778.2000000001144,34.40532313663151
778.3000000001144,16.595682402828718
778.4000000001145,7.3315474066077915
778.5000000001145,15.520129835010408
778.6000000001145,27.412945818440015
778.7000000001145,31.481055997005065
778.8000000001146,22.20948126043244
778.9000000001146,11.361534309517522
779.0000000001146,15.101462292564312
779.1000000001146,14.168561087066067
779.2000000001146,-6.927505354057059
779.3000000001147,-9.18689692083475
779.4000000001147,22.483215322831793
779.5000000001147,37.51616278210465
779.6000000001147,25.520563438907242
779.7000000001148,27.418336073641182
779.8000000001148,40.269613706701186
779.9000000001148,34.20422398664429
780.0000000001148,17.729863972462198
780.1000000001148,9.407309189704936
780.2000000001149,4.9098054973021155
780.3000000001149,1.8076344726754732
780.4000000001149,12.984288515966409
780.5000000001149,35.04505991069616
780.600000000115,42.782951159762135
780.700000000115,36.91541712437756
780.800000000115,35.80117143026892
780.900000000115,29.341962004022733
781.000000000115,4.496079676656962
781.1000000001151,-7.266115188064752
781.2000000001151,13.840047772877304
781.3000000001151,31.4571205760097
781.4000000001151,26.305687510863578
781.5000000001152,14.932324119223198
781.6000000001152,10.874787168628433
781.7000000001152,20.796933481090313
781.8000000001152,34.51705023850838
781.9000000001153,36.478607805070155
782.0000000001153,25.90211363549493
782.1000000001153,10.588067505891525
782.2000000001153,9.180053650908341
782.3000000001153,22.656920406594597
782.4000000001154,23.37557092311695
782.5000000001154,11.648288281454203
782.6000000001154,12.87400384128083
782.7000000001154,22.50416697819257
782.8000000001155,23.577311976983893
782.9000000001155,23.384573438198725
783.0000000001155,29.889184416755125
783.1000000001155,30.820538581039138
783.2000000001156,21.777234511879335
783.3000000001156,16.803028915970945
783.4000000001156,18.072848594435666
783.5000000001156,15.243208531240782
783.6000000001156,7.814288030797594
783.7000000001157,1.7615270282616344
783.8000000001157,4.887758088672282
783.9000000001157,18.800408057644972
784.0000000001157,24.616946884505737
784.1000000001158,15.96313667593767
784.2000000001158,14.37093970360986
784.3000000001158,23.073670319760275
784.4000000001158,24.66086754150029
784.5000000001158,16.35102681501994
784.6000000001159,5.8651362626550405
784.7000000001159,5.660417284227846
784.8000000001159,20.968103790243514
784.9000000001159,28.936056310658913
785.000000000116,20.456347320582683
785.100000000116,20.547042173900163
785.200000000116,27.770253965715813
785.300000000116,12.21608374837659
785.400000000116,-10.798043119114883
785.5000000001161,-4.505369662656004
785.6000000001161,17.268184269215567
785.7000000001161,29.03740775561884
785.8000000001161,29.041320402839148
785.9000000001162,22.34268384478532
786.0000000001162,17.43030109389597
786.1000000001162,16.91667883268822
786.2000000001162,16.7505839628596
786.3000000001163,15.293321399892987
786.4000000001163,13.100675515719773
786.5000000001163,13.139288809576582
786.6000000001163,17.224801132799477
786.7000000001163,20.41221251258307
786.8000000001164,20.10180491755313
786.9000000001164,20.53198441280464
787.0000000001164,20.509989760543803
787.1000000001164,12.716804857108421
787.2000000001165,-1.842358718398487
787.3000000001165,-15.58120572618403
787.4000000001165,-15.270240271438718
787.5000000001165,5.134304044592261
787.6000000001166,21.172434529556263
787.7000000001166,17.866444474006496
787.8000000001166,9.577727681458404
787.9000000001166,9.106371640682182
788.0000000001166,22.19601324576257
788.1000000001167,33.23707298802787
788.2000000001167,20.199710457157796
788.3000000001167,3.451175731453572
788.4000000001167,6.534443614870458
788.5000000001168,12.59512078035529
788.6000000001168,9.535485351958553
788.7000000001168,8.456235383155732
788.8000000001168,12.18103375728862
788.9000000001168,13.218619096064582
789.0000000001169,16.775032419454032
789.1000000001169,30.93744603916508
789.2000000001169,32.867376145037575
789.3000000001169,8.34745076495128
789.400000000117,3.9128235601708
789.500000000117,33.67169061934541
789.600000000117,36.54828322684186
789.700000000117,5.634217078849559
789.800000000117,-6.961925042688124
789.9000000001171,6.070913403179934
790.0000000001171,24.362968145448015
790.1000000001171,31.855782684560694
790.2000000001171,22.557933903872957
790.3000000001172,15.312016611231623
790.4000000001172,21.532325672901436
790.5000000001172,32.6828188711412
790.6000000001172,38.626567460218304
790.7000000001173,30.93755701894196
790.8000000001173,15.177571900542414
790.9000000001173,4.692516247696347
791.0000000001173,12.426225750326749
791.1000000001173,36.68803160946772
791.2000000001174,36.73536200734021
791.3000000001174,6.458321193636067
791.4000000001174,0.9946329015274724
791.5000000001174,24.158052433415094
791.6000000001175,33.15868642678549
791.7000000001175,25.46341675907112
791.8000000001175,18.29138639074476
791.9000000001175,18.735296707349043
792.0000000001176,26.19095447383497
792.1000000001176,28.41448324424416
792.2000000001176,21.79943616574631
792.3000000001176,17.083317254071073
792.4000000001176,16.26527231058461
792.5000000001177,13.63811570828204
792.6000000001177,7.1170173668441645
792.7000000001177,-0.32519721420890324
792.8000000001177,7.629132456548487
792.9000000001178,33.590820393018845
793.0000000001178,41.93556017286698
793.1000000001178,21.728407051645544
793.2000000001178,-0.18068536755598252
793.3000000001178,-9.778240784023241
793.4000000001179,-5.526159043407473
793.5000000001179,7.397435201038888
793.6000000001179,21.809133668604098
793.7000000001179,33.23097921891063
793.800000000118,39.763183140471995
793.900000000118,43.38576221422386
794.000000000118,44.524997949470894
794.100000000118,41.91897636769939
794.200000000118,42.109830521222705
794.3000000001181,50.51040990096666
794.4000000001181,33.89327826062341
794.5000000001181,24.955344486190356
794.6000000001181,310.18039838202645
794.7000000001182,854.7227126903749
794.8000000001182,990.622897336367
794.9000000001182,628.5508829502186
795.0000000001182,295.84174979520157
795.1000000001183,146.7166759988929
795.2000000001183,103.29063145513774
795.3000000001183,97.0600513969755
795.4000000001183,80.74228503571605
795.5000000001183,54.64796228001918
795.6000000001184,30.211121095515097
795.7000000001184,22.203954110120844
795.8000000001184,22.087335774410164
795.9000000001184,6.063337939274773
796.0000000001185,-3.2782018706600096
796.1000000001185,23.64486866310158
796.2000000001185,44.726052591584796
796.3000000001185,29.26590914259661
796.4000000001186,17.83929605588934
796.5000000001186,27.369055842421265
796.6000000001186,32.071252481264544
796.7000000001186,27.67306755840047
796.8000000001186,26.326355153257083
796.9000000001187,26.981607622266065
797.0000000001187,24.30918000377531
797.1000000001187,18.261476270835395
797.2000000001187,13.683569184049544
797.3000000001188,21.86272257951639
797.4000000001188,33.18389038954133
797.5000000001188,18.43879679118536
797.6000000001188,-3.324039780108917
797.7000000001188,7.022192921451444
797.8000000001189,27.29963604295664
797.9000000001189,29.44594115854227
798.0000000001189,30.72284653069304
798.1000000001189,37.58551614893043
798.200000000119,27.181425332129834
798.300000000119,4.66740841398252
798.400000000119,-0.19175928750528204
798.500000000119,11.483390289738791
798.600000000119,24.0306724278457
798.7000000001191,30.51977667997761
798.8000000001191,27.908577955959462
798.9000000001191,16.70414453427521
799.0000000001191,5.9114333384711255
799.1000000001192,13.151661726609213
799.2000000001192,28.706908415847945
799.3000000001192,27.05871795085818
799.4000000001192,17.772988935348017
799.5000000001193,18.452090336684318
799.6000000001193,22.89986829593765
799.7000000001193,24.15576481371881
799.8000000001193,23.82820284533562
799.9000000001193,25.97452525888393
800.0000000001194,34.52238273705393
800.1000000001194,35.187357251615765
800.2000000001194,16.87923559337237
800.3000000001194,42.75238129154365
800.4000000001195,160.98448345317837
800.5000000001195,311.7155049516434
800.6000000001195,401.90175286420396
800.7000000001195,326.8173798699679
800.8000000001196,164.93667456195112
800.9000000001196,117.0726798059176
801.0000000001196,118.00622884114613
801.1000000001196,58.07403510020186
801.2000000001196,159.69989246085535
801.3000000001197,515.7794055315461
801.4000000001197,774.4817768740901
801.5000000001197,740.0925639901753
801.6000000001197,478.26901356300425
801.7000000001198,186.685522457636
801.8000000001198,87.93155181615295
801.9000000001198,97.20149129388719
802.0000000001198,74.3188425554016
802.1000000001198,47.513277598022704
802.2000000001199,44.26643154381954
802.3000000001199,40.37733425882664
802.4000000001199,28.022297811468587
802.5000000001199,18.639661183697044
802.60000000012,23.61556250377338
802.70000000012,47.32637850062832
802.80000000012,65.74144512216571
802.90000000012,59.92903063577984
803.00000000012,39.65347467943936
803.1000000001201,19.358332918257194
803.2000000001201,13.351381062724595
803.3000000001201,22.11861018184361
803.4000000001201,36.66123890782148
803.5000000001202,48.70660180038498
803.6000000001202,52.107102312944136
803.7000000001202,46.366319128464205
803.8000000001202,38.46646713381861
803.9000000001203,44.59320179018992
804.0000000001203,51.20213495703127
804.1000000001203,23.77424573105315
804.2000000001203,-5.786585041651291
804.3000000001203,9.49847370276387
804.4000000001204,30.743055401333446
804.5000000001204,24.69095954581554
804.6000000001204,23.180811621334794
804.7000000001204,34.67526557839751
804.8000000001205,30.179876711947795
804.9000000001205,14.392393017827688
805.0000000001205,11.491130369548811
805.1000000001205,12.73855445731731
805.2000000001206,7.930134165221351
805.3000000001206,20.284128458318115
805.4000000001206,50.98359725164732
805.5000000001206,56.53079010964718
805.6000000001206,29.87098251451337
805.7000000001207,0.3331484682801378
805.8000000001207,-7.1583409502304605
805.9000000001207,16.78183341215646
806.0000000001207,28.840087981310756
806.1000000001208,5.60946831415848
806.2000000001208,-4.764923694036918
806.3000000001208,11.77489357003403
806.4000000001208,20.358955030767234
806.5000000001208,14.06237843368056
806.6000000001209,6.950730427130932
806.7000000001209,17.74301612429258
806.8000000001209,47.98807596065661
806.9000000001209,46.755609110015044
807.000000000121,6.947218859702954
807.100000000121,-1.3681178667840914
807.200000000121,27.361726812114423
807.300000000121,43.93520578880029
807.400000000121,37.71282677013013
807.5000000001211,18.923004794343644
807.6000000001211,6.689972554980971
807.7000000001211,10.657321198058835
807.8000000001211,18.04874209886998
807.9000000001212,20.98027046424673
808.0000000001212,19.93718969600774
808.1000000001212,18.918845246698854
808.2000000001212,22.792595014243375
808.3000000001213,31.666744942509236
808.4000000001213,41.659088842856335
808.5000000001213,42.79193831880853
808.6000000001213,34.22618906867195
808.7000000001213,28.091665724330735
808.8000000001214,27.768303495212667
808.9000000001214,29.94116047213185
809.0000000001214,34.42322163100871
809.1000000001214,42.00311952243789
809.2000000001215,52.36757033150193
809.3000000001215,62.83034935679002
809.4000000001215,67.23305877091076
809.5000000001215,62.49084039938443
809.6000000001216,50.6041181455488
809.7000000001216,49.86610770791566
809.8000000001216,72.05687594642362
809.9000000001216,69.39999277113122
810.0000000001216,67.76710846266255
810.1000000001217,273.0844559744576
810.2000000001217,687.8194104121897
810.3000000001217,1056.6084775986694
810.4000000001217,1115.2651677203546
810.5000000001218,714.4837377177279
810.6000000001218,285.9850643064069
810.7000000001218,205.52888887032825
810.8000000001218,213.3316446508245
810.9000000001218,162.6163790676846
811.0000000001219,190.74626052151922
811.1000000001219,219.58829218046588
811.2000000001219,134.23284350365242
811.3000000001219,750.4203566192037
811.400000000122,2488.991963250021
811.500000000122,3295.476904360996
811.600000000122,2239.8329259329553
811.700000000122,1068.8182269903941
811.800000000122,543.8773253521297
811.9000000001221,315.87071447784336
812.0000000001221,216.92970542790115
812.1000000001221,187.25929229178251
812.2000000001221,163.83081991919732
812.3000000001222,117.06037928406668
812.4000000001222,85.7824850169319
812.5000000001222,77.34373333884295
812.6000000001222,59.49738338463522
812.7000000001223,36.95902459430893
812.8000000001223,31.86719724566106
812.9000000001223,39.6933252015398
813.0000000001223,46.46357375176079
813.1000000001223,35.78856945065829
813.2000000001224,17.28884162992525
813.3000000001224,30.009201352859993
813.4000000001224,56.57477771655086
813.5000000001224,50.43271440212938
813.6000000001225,31.692363729540503
813.7000000001225,27.988453305963855
813.8000000001225,18.39244261995838
813.9000000001225,-1.4994888513432336
814.0000000001226,-0.23412119005386245
814.1000000001226,20.50714805555179
814.2000000001226,33.34400308503011
814.3000000001226,36.03132806396518
814.4000000001226,35.198499940329725
814.5000000001227,29.892498245824974
814.6000000001227,23.110302025899596
814.7000000001227,26.789305188472333
814.8000000001227,36.84384291952786
814.9000000001228,35.82452645543704
815.0000000001228,27.00548435466261
815.1000000001228,21.372543717146776
815.2000000001228,18.34081954673892
815.3000000001228,16.524609618266027
815.4000000001229,18.747567989364434
815.5000000001229,26.67351251813788
815.6000000001229,38.782846608392646
815.7000000001229,39.66696664816615
815.800000000123,15.719635904085296
815.900000000123,-1.8365444527925394
816.000000000123,8.661438855767878
816.100000000123,17.360259605816378
816.200000000123,8.856826442333587
816.3000000001231,-5.435047952640658
816.4000000001231,-7.266117015951624
816.5000000001231,16.582378588211576
816.6000000001231,34.460753310379
816.7000000001232,20.56097539568802
816.8000000001232,3.0863276550034477
816.9000000001232,4.227460837782615
817.0000000001232,24.27057236970938
817.1000000001233,37.213577531847285
817.2000000001233,11.677949301216556
817.3000000001233,-7.56964802404311
817.4000000001233,18.893168727934786
817.5000000001234,31.281763022688036
817.6000000001234,6.905641898301725
817.7000000001234,2.833612871959411
817.8000000001234,21.045289979326412
817.9000000001234,21.442966290914214
818.0000000001235,15.016620328478336
818.1000000001235,25.56319450441828
818.2000000001235,46.9865424047571
818.3000000001235,63.268288024557044
818.4000000001236,53.760060655673776
818.5000000001236,28.040357210478284
818.6000000001236,18.6414597117062
818.7000000001236,27.45216191611372
818.8000000001236,39.29997013530738
818.9000000001237,29.96211747018701
819.0000000001237,-0.1609300683161612
819.1000000001237,-4.062059223523833
819.2000000001237,32.581091519991894
819.3000000001238,86.34063697304592
819.4000000001238,118.02120205248451
819.5000000001238,98.37232634235315
819.6000000001238,65.51143731525399
819.7000000001239,50.81965803523086
819.8000000001239,40.376133582550445
819.9000000001239,28.427754718234446
820.0000000001239,22.278327300277844
820.1000000001239,22.931547248749727
820.200000000124,26.906084228319486
820.300000000124,27.45023519140966
820.400000000124,21.22078686013944
820.500000000124,13.688313084659704
820.600000000124,7.645297708196521
820.7000000001241,2.4738545606276454
820.8000000001241,4.585768537539987
820.9000000001241,19.93468481100471
821.0000000001241,33.666752588550935
821.1000000001242,32.641760984794686
821.2000000001242,20.973533016729014
821.3000000001242,13.609167768749902
821.4000000001242,31.639734163016364
821.5000000001243,58.018346414480064
821.6000000001243,61.04204847550624
821.7000000001243,49.796684523828034
821.8000000001243,39.34049939012321
821.9000000001244,30.10255994059588
822.0000000001244,24.682163955333124
822.1000000001244,29.652674003914953
822.2000000001244,39.44532923749132
822.3000000001244,41.63904670398013
822.4000000001245,28.342850547553947
822.5000000001245,4.098895994104424
822.6000000001245,-0.9925837704626592
822.7000000001245,14.674085689505764
822.8000000001246,16.06242390345185
822.9000000001246,3.8560042762484388
823.0000000001246,-0.6070598597235359
823.1000000001246,4.213549474411569
823.2000000001246,11.97274528672519
823.3000000001247,13.206462872421408
823.4000000001247,9.532679648372142
823.5000000001247,15.214763312927111
823.6000000001247,22.117298140280194
823.7000000001248,13.626071111651829
823.8000000001248,8.676565129896035
823.9000000001248,21.82617380501247
824.0000000001248,27.81891818786612
824.1000000001249,18.722342882925435
824.2000000001249,15.09089906255226
824.3000000001249,21.208160939937507
824.4000000001249,28.91767246586735
824.5000000001249,27.806829498542765
824.600000000125,15.588567345921728
824.700000000125,11.68946448040156
824.800000000125,21.473624391374152
824.900000000125,29.239338150253513
825.000000000125,32.64934186992377
825.1000000001251,35.42279635291524
825.2000000001251,21.870685300543887
825.3000000001251,-9.911648500117945
825.4000000001251,-12.574019965703382
825.5000000001252,20.336592035782072
825.6000000001252,37.3072467523144
825.7000000001252,24.13353823554318
825.8000000001252,-0.6367147763279029
825.9000000001253,12.099459237523789
826.0000000001253,72.97824604543297
826.1000000001253,79.17871092954813
826.2000000001253,84.87547526669377
826.3000000001254,320.9363101491504
826.4000000001254,575.0976785732793
826.5000000001254,465.75383168011433
826.6000000001254,221.38962888302547
826.7000000001254,116.53297280210124
826.8000000001255,76.34481250829701
826.9000000001255,40.58034761100684
827.0000000001255,26.231742416107238
827.1000000001255,33.15617330247231
827.2000000001256,47.31613416198326
827.3000000001256,52.55899352996382
827.4000000001256,41.40579479994667
827.5000000001256,27.395355311939575
827.6000000001256,20.389481900948983
827.7000000001257,21.89262738210736
827.8000000001257,25.91961575591534
827.9000000001257,24.54346507501282
828.0000000001257,20.058422500755324
828.1000000001258,15.026189320730172
828.2000000001258,6.472973166840861
828.3000000001258,-0.4049913539638823
828.4000000001258,7.246374456447947
828.5000000001259,21.712739060118672
828.6000000001259,27.511789128476327
828.7000000001259,26.486812365737077
828.8000000001259,21.528788745174865
828.9000000001259,8.514705209133394
829.000000000126,-4.955843902662527
829.100000000126,-0.8221930921878426
829.200000000126,15.985724758131793
829.300000000126,28.73935767978386
829.400000000126,23.147246951404036
829.5000000001261,1.580083796394674
829.6000000001261,-4.30946186417863
829.7000000001261,10.282680893790076
829.8000000001261,22.689666495959845
829.9000000001262,23.864223456093203
830.0000000001262,15.363134800852652
830.1000000001262,11.161876398027056
830.2000000001262,18.835447291215875
830.3000000001263,29.561537846006768
830.4000000001263,31.69742293417897
830.5000000001263,16.583736915872677
830.6000000001263,5.022214525202988
830.7000000001264,15.280307813342054
830.8000000001264,13.842265410219763
830.9000000001264,-7.652472884890555
831.0000000001264,-2.8919026751994696
831.1000000001264,23.909293297038943
831.2000000001265,30.281996582530066
831.3000000001265,19.890740314209243
831.4000000001265,12.144961030455924
831.5000000001265,16.09957873436444
831.6000000001266,27.722771376513677
831.7000000001266,28.261042753778927
831.8000000001266,19.77853957265946
831.9000000001266,16.63276830813158
832.0000000001266,10.348808327575266
832.1000000001267,-4.937659446291365
832.2000000001267,-6.441055056184368
832.3000000001267,8.942468150940106
832.4000000001267,14.819156592038794
832.5000000001268,12.854247532446246
832.6000000001268,19.16881105507172
832.7000000001268,22.514600557113354
832.8000000001268,14.844564870314
832.9000000001269,15.567046647630653
833.0000000001269,24.090713828497574
833.1000000001269,15.669873398615266
833.2000000001269,2.1414355713216158
833.3000000001269,9.656683807316814
833.400000000127,29.77635563167547
833.500000000127,41.28087879105124
833.600000000127,18.4300710513841
833.700000000127,-17.87918041385322
833.800000000127,-8.379783360304716
833.9000000001271,22.345878250851335
834.0000000001271,23.98532218981801
834.1000000001271,13.779149070425735
834.2000000001271,11.880161295975885
834.3000000001272,14.893651898334046
834.4000000001272,16.441396710240127
834.5000000001272,10.369515151915179
834.6000000001272,-4.339484537627358
834.7000000001273,-21.120868727965938
834.8000000001273,-16.700207796103932
834.9000000001273,9.771637582911906
835.0000000001273,21.911124926598838
835.1000000001274,15.910754690157209
835.2000000001274,12.418245625611785
835.3000000001274,14.45015338046623
835.4000000001274,18.295098570397947
835.5000000001274,20.47326193845888
835.6000000001275,20.190702792532967
835.7000000001275,19.64772976080585
835.8000000001275,15.604513873863965
835.9000000001275,4.177590287012726
836.0000000001276,-3.4730313256579937
836.1000000001276,-0.48032005816939993
836.2000000001276,0.1603492304260946
836.3000000001276,-4.360621536952472
836.4000000001276,-3.537460395025418
836.5000000001277,3.946736379632714
836.6000000001277,13.676341555578396
836.7000000001277,20.007131292528793
836.8000000001277,19.414432945115987
836.9000000001278,13.205129164488701
837.0000000001278,8.63003542944477
837.1000000001278,15.224870113892305
837.2000000001278,22.053612959195988
837.3000000001279,16.067201147420416
837.4000000001279,8.025658640170786
837.5000000001279,8.191892043730007
837.6000000001279,17.818870411665024
837.700000000128,29.13297336712964
837.800000000128,29.748666884019553
837.900000000128,17.661331610731306
838.000000000128,0.7433193361900186
838.100000000128,2.0939990774112722
838.2000000001281,19.29105701289214
838.3000000001281,18.071394822041928
838.4000000001281,8.04219411148721
838.5000000001281,17.322657654994217
838.6000000001281,24.687987025369225
838.7000000001282,13.083329419729765
838.8000000001282,5.044519018817731
838.9000000001282,9.305290624637024
839.0000000001282,15.913372309913298
839.1000000001283,23.22120064214627
839.2000000001283,30.73124814501869
839.3000000001283,25.129031999225006
839.4000000001283,8.434695996278927
839.5000000001284,11.72861899430966
839.6000000001284,28.677830369995867
839.7000000001284,26.127379507802402
839.8000000001284,16.558800319423746
839.9000000001284,21.41872066744339
840.0000000001285,34.079993317685556
840.1000000001285,49.90611842300279
840.2000000001285,72.19761350963944
840.3000000001285,84.3374757333918
840.4000000001286,78.99630722426141
840.5000000001286,163.59894986018287
840.6000000001286,426.55610922124873
840.7000000001286,825.4110815518999
840.8000000001286,1098.1526490174676
840.9000000001287,844.2291403379176
841.0000000001287,364.6405928442668
841.1000000001287,166.77680497446414
841.2000000001287,129.50375025883042
841.3000000001288,92.20825739235829
841.4000000001288,83.88106726816257
841.5000000001288,96.65901140221993
841.6000000001288,84.51056866284229
841.7000000001289,60.980844690157085
841.8000000001289,58.35404785179385
841.9000000001289,90.94237678918232
842.0000000001289,115.68438106907749
842.100000000129,49.949336011082366
842.200000000129,204.39193621278238
842.300000000129,914.4957971998073
842.400000000129,1380.1726457347859
842.500000000129,1033.001339451498
842.6000000001291,534.5885880627342
842.7000000001291,268.34869267124327
842.8000000001291,161.67540943683673
842.9000000001291,124.81829588611507
843.0000000001291,89.73858224875842
843.1000000001292,58.70661436567994
843.2000000001292,41.635271219501604
843.3000000001292,35.33128958476901
843.4000000001292,35.66616447800526
843.5000000001293,38.65568755212128
843.6000000001293,39.89987546514395
843.7000000001293,36.228491820816146
843.8000000001293,28.116236891111424
843.9000000001294,17.356860632444402
844.0000000001294,7.206694816908467
844.1000000001294,6.790149428412887
844.2000000001294,23.01893212258978
844.3000000001294,38.7639808637226
844.4000000001295,51.93060921435195
844.5000000001295,98.0386805236866
844.6000000001295,142.96507821858245
844.7000000001295,104.53832972373172
844.8000000001296,42.67852116391996
844.9000000001296,37.459664996367565
845.0000000001296,39.11816361603818
845.1000000001296,18.857391813875736
845.2000000001296,9.929967222699489
845.3000000001297,13.838876700094724
845.4000000001297,12.096606641894212
845.5000000001297,10.225947491363845
845.6000000001297,15.066756875300124
845.7000000001298,19.785635018099743
845.8000000001298,19.7496031025055
845.9000000001298,14.47212700249823
846.0000000001298,3.3418728636869166
846.1000000001299,-10.47210519434056
846.2000000001299,-10.383230690717683
846.3000000001299,5.264044676953732
846.4000000001299,11.8081454222811
846.50000000013,9.82381188231367
846.60000000013,15.602209867525877
846.70000000013,16.996650563235075
846.80000000013,3.5110699737568427
846.90000000013,-7.406917790170281
847.0000000001301,-8.349683015056264
847.1000000001301,-6.8396079263189105
847.2000000001301,0.2017105585263156
847.3000000001301,17.02613146616845
847.4000000001301,28.992548965815807
847.5000000001302,27.48563443614366
847.6000000001302,21.646356785457204
847.7000000001302,18.122200476676415
847.8000000001302,19.03395383303568
847.9000000001303,19.850963476060183
848.0000000001303,17.988932191991527
848.1000000001303,21.79851184161201
848.2000000001303,25.451988264685554
848.3000000001304,8.231425789963305
848.4000000001304,-8.994091356930621
848.5000000001304,4.547712379936943
848.6000000001304,22.058597991566376
848.7000000001304,23.30775656207095
848.8000000001305,24.791097722987413
848.9000000001305,28.185228146181245
849.0000000001305,22.226243699917823
849.1000000001305,13.039638201245953
849.2000000001306,8.861891804479463
849.3000000001306,5.103172131165694
849.4000000001306,0.6295186888130494
849.5000000001306,1.3463836653100039
849.6000000001306,14.793559924962956
849.7000000001307,41.130247773507676
849.8000000001307,47.62349203331459
849.9000000001307,23.786207762334474
850.0000000001307,12.170889259884449
850.1000000001308,16.91525346573913
850.2000000001308,10.730935071080083
850.3000000001308,3.9614781501527503
850.4000000001308,11.384363043092359
850.5000000001309,19.495533623857934
850.6000000001309,23.765203590779016
850.7000000001309,34.344177953965335
850.8000000001309,41.00928434174144
850.900000000131,29.465336669591093
851.000000000131,18.364430798312195
851.100000000131,19.031721433555212
851.200000000131,16.095973504964935
851.300000000131,10.159528075263909
851.4000000001311,14.689920331028144
851.5000000001311,26.951219261463503
851.6000000001311,35.169915120002294
851.7000000001311,22.350953848511573
851.8000000001311,29.239964114493755
851.9000000001312,148.76202226361974
852.0000000001312,315.0462672385811
852.1000000001312,396.30216393447307
852.2000000001312,351.03932117974006
852.3000000001313,212.03028068429347
852.4000000001313,94.84622754996813
852.5000000001313,40.3530906201289
852.6000000001313,24.790788448775565
852.7000000001314,25.29277756570752
852.8000000001314,25.068305146889294
852.9000000001314,19.837706344116725
853.0000000001314,10.44226089102083
853.1000000001314,1.7580938076707593
853.2000000001315,2.3721591836143148
853.3000000001315,15.096800197729351
853.4000000001315,16.729322506001733
853.5000000001315,3.6510908010468053
853.6000000001316,8.07677444104332
853.7000000001316,22.5414041701168
853.8000000001316,21.943317250679392
853.9000000001316,47.53315229815808
854.0000000001316,121.94926881032748
854.1000000001317,182.3307904135457
854.2000000001317,180.91483022516144
854.3000000001317,105.88295972428325
854.4000000001317,19.382441939923055
854.5000000001318,-10.918828051890408
854.6000000001318,-2.164629216632853
854.7000000001318,15.558972620400153
854.8000000001318,19.13445375681121
854.9000000001319,12.177485418813513
855.0000000001319,10.384904607241683
855.1000000001319,9.268564166477042
855.2000000001319,10.11126264250194
855.300000000132,33.041192341934114
855.400000000132,50.31770823041843
855.500000000132,9.51018346508219
855.600000000132,-22.88473094203531
855.700000000132,12.65760100263704
855.8000000001321,35.8675036410212
855.9000000001321,16.468619457461582
856.0000000001321,5.225021415548032
856.1000000001321,10.192397783538038
856.2000000001321,15.164317699149048
856.3000000001322,9.615118572402682
856.4000000001322,-1.2522655011507147
856.5000000001322,7.879905124266577
856.6000000001322,23.716610980855428
856.7000000001323,13.994220544561923
856.8000000001323,2.4398319757280027
856.9000000001323,11.246638212066742
857.0000000001323,20.023941148879615
857.1000000001324,18.219464044825916
857.2000000001324,10.142187329056927
857.3000000001324,-2.4332271440457034
857.4000000001324,-15.901718527186286
857.5000000001324,-17.351368423248882
857.6000000001325,-6.757229045543365
857.7000000001325,-1.1958100719326141
857.8000000001325,3.899534834739646
857.9000000001325,17.74523101918871
858.0000000001326,12.605779871998754
858.1000000001326,-13.628945004786392
858.2000000001326,-6.1361459327682
858.3000000001326,21.73961414137408
858.4000000001326,13.409823785635162
858.5000000001327,1.3396087634291605
858.6000000001327,17.76207047008504
858.7000000001327,21.65291153819814
858.8000000001327,7.404770403864477
858.9000000001328,11.9386369070702
859.0000000001328,29.223274776370253
859.1000000001328,36.976306729379864
859.2000000001328,29.057058798866795
859.3000000001329,13.167821984260788
859.4000000001329,9.33517597701844
859.5000000001329,12.990787487083388
859.6000000001329,8.181889406549123
859.700000000133,-1.8446890166625138
859.800000000133,-7.173049328053359
859.900000000133,3.517466662933461
860.000000000133,20.758423805416598
860.100000000133,22.6294784256564
860.2000000001331,12.960248806403973
860.3000000001331,4.331628102519371
860.4000000001331,7.358684321211194
860.5000000001331,15.751607063061506
860.6000000001332,10.567105083724032
860.7000000001332,8.852142345186648
860.8000000001332,26.972892555414962
860.9000000001332,27.453305636494374
861.0000000001332,3.7702401357423976
861.1000000001333,-0.24596908929202987
861.2000000001333,9.974709134117472
861.3000000001333,7.148093760151182
861.4000000001333,4.569926123917323
861.5000000001334,11.675151249045694
861.6000000001334,14.366785791916211
861.7000000001334,9.588461439217701
861.8000000001334,4.225583242029997
861.9000000001334,3.4311100299057484
862.0000000001335,11.559549263779125
862.1000000001335,31.792795570509504
862.2000000001335,48.136333904110856
862.3000000001335,32.84850913550272
862.4000000001336,5.371104058686849
862.5000000001336,-4.385544394590168
862.6000000001336,5.028873087126016
862.7000000001336,22.512471931954224
862.8000000001337,29.88108188960825
862.9000000001337,28.972304089160485
863.0000000001337,29.559878407691066
863.1000000001337,29.69071808614884
863.2000000001337,22.85355948158435
863.3000000001338,1.6831666675668755
863.4000000001338,-15.85399212337285
863.5000000001338,-5.510866208222933
863.6000000001338,5.83353365059181
863.7000000001339,2.5896509112040222
863.8000000001339,16.018181637683828
863.9000000001339,30.216176183953333
864.0000000001339,1.4129923764206498
864.100000000134,-16.50940296536692
864.200000000134,16.31552961877823
864.300000000134,23.52582407975084
864.400000000134,-2.0785670381731842
864.500000000134,9.150646810430562
864.6000000001341,30.54064793014271
864.7000000001341,15.744868407064232
864.8000000001341,-3.863181320249132
864.9000000001341,-3.5173177197632057
865.0000000001342,12.981606784909621
865.1000000001342,23.961749115739128
865.2000000001342,10.786148004742692
865.3000000001342,-0.4445959003137383
865.4000000001342,4.7686193518944
865.5000000001343,8.243413755032094
865.6000000001343,9.73151994669053
865.7000000001343,17.72834772684471
865.8000000001343,15.116946096559811
865.9000000001344,14.06142944564768
866.0000000001344,87.55953776168471
866.1000000001344,167.90879992967638
866.2000000001344,109.34971595507318
866.3000000001344,24.01961592559409
866.4000000001345,32.375154357229036
866.5000000001345,62.293913889060015
866.6000000001345,75.56829371546506
866.7000000001345,89.82247298070007
866.8000000001346,87.76745862563762
866.9000000001346,55.86931104403584
867.0000000001346,35.08348431174907
867.1000000001346,32.20437343000399
867.2000000001347,9.132660801484512
867.3000000001347,-11.096765529264092
867.4000000001347,6.475827648539681
867.5000000001347,24.843566144523514
867.6000000001347,22.59012265731555
867.7000000001348,21.154013214661198
867.8000000001348,35.82457346935201
867.9000000001348,64.83208539966527
868.0000000001348,61.40088494200196
868.1000000001349,22.713443690366244
868.2000000001349,30.723379445770217
868.3000000001349,65.21387096935356
868.4000000001349,49.0656951324787
868.500000000135,22.501229505353002
868.600000000135,27.354612762037807
868.700000000135,37.69623755834598
868.800000000135,36.199720522061966
868.900000000135,22.601852881001776
869.0000000001351,13.713820918196392
869.1000000001351,21.59989168832775
869.2000000001351,33.461537215933056
869.3000000001351,34.867036736087265
869.4000000001352,17.338567867253154
869.5000000001352,1.062786464327848
869.6000000001352,5.6399393227528805
869.7000000001352,16.318391440356958
869.8000000001352,21.03099055799399
869.9000000001353,18.176486376202934
870.0000000001353,12.651101261872121
870.1000000001353,12.325324307591485
870.2000000001353,24.729967040553763
870.3000000001354,41.46877716662287
870.4000000001354,36.25880921512627
870.5000000001354,12.272799679135984
870.6000000001354,-9.914658707883149
870.7000000001354,-10.953596131826068
870.8000000001355,8.258165360586009
870.9000000001355,19.115657790047553
871.0000000001355,19.00536580418334
871.1000000001355,20.74396229448262
871.2000000001356,23.794742340537795
871.3000000001356,24.250927561889096
871.4000000001356,19.055551994958332
871.5000000001356,10.54180953112524
871.6000000001357,3.7038629933419656
871.7000000001357,-2.7080719508585895
871.8000000001357,-5.186846007008352
871.9000000001357,10.90527416082139
872.0000000001357,29.603074428981845
872.1000000001358,18.353288177432184
872.2000000001358,0.9823645067095317
872.3000000001358,1.5761172699007797
872.4000000001358,1.8751836038128329
872.5000000001359,-6.367551668094684
872.6000000001359,-15.713269663057433
872.7000000001359,-11.727532191028233
872.8000000001359,8.758158788210801
872.900000000136,16.12685444671557
873.000000000136,3.79519587128606
873.100000000136,-7.206327664991197
873.200000000136,-5.966317837766423
873.300000000136,7.9675235736061545
873.4000000001361,20.415229391900905
873.5000000001361,22.186455240909805
873.6000000001361,13.837304408980717
873.7000000001361,5.650084688563176
873.8000000001362,6.299734091071183
873.9000000001362,6.044045305734343
874.0000000001362,1.677981997700264
874.1000000001362,1.9594408845959919
874.2000000001362,9.609807876711793
874.3000000001363,22.12343462030603
874.4000000001363,31.742203234888876
874.5000000001363,29.946560972610435
874.6000000001363,11.428110869816974
874.7000000001364,-0.9198564447901532
874.8000000001364,15.126503279166823
874.9000000001364,18.712570868447646
875.0000000001364,-4.912242575288999
875.1000000001364,-12.828461742370402
875.2000000001365,2.8856665036546167
875.3000000001365,24.078240212501395
875.4000000001365,30.136137694228275
875.5000000001365,17.94957155600017
875.6000000001366,11.780543533047862
875.7000000001366,15.824944699699186
875.8000000001366,20.295334744609537
875.9000000001366,22.320720384821044
876.0000000001367,26.23531928663738
876.1000000001367,43.06815359865592
876.2000000001367,51.696062519149585
876.3000000001367,22.34048628815504
876.4000000001367,-1.233046815698816
876.5000000001368,9.15964256356302
876.6000000001368,14.418015478208666
876.7000000001368,4.8437910145076755
876.8000000001368,-1.971453979521832
876.9000000001369,4.021801350769045
877.0000000001369,21.083782252905717
877.1000000001369,30.605781304606484
877.2000000001369,30.936517241546866
877.300000000137,32.942734219334035
877.400000000137,30.459520595728492
877.500000000137,21.40586883105493
877.600000000137,23.189176601283847
877.700000000137,33.27546460419625
877.8000000001371,33.39066216448317
877.9000000001371,26.495920665261796
878.0000000001371,19.91253309019998
878.1000000001371,13.689676999086716
878.2000000001372,10.026365768182497
878.3000000001372,11.715139765733086
878.4000000001372,8.221744328721421
878.5000000001372,-3.1834848133483185
878.6000000001372,2.3601692165989387
878.7000000001373,23.378981379188886
878.8000000001373,33.08700846681773
878.9000000001373,23.99602543512047
879.0000000001373,7.231148078392948
879.1000000001374,16.91530746759109
879.2000000001374,41.577930594694756
879.3000000001374,33.66837144488418
879.4000000001374,19.52814514928632
879.5000000001374,31.305484024738227
879.6000000001375,42.98740872835807
879.7000000001375,42.538063347129956
879.8000000001375,38.939185725849114
879.9000000001375,31.247730167614538
880.0000000001376,18.765788815272764
880.1000000001376,12.019090927829174
880.2000000001376,13.458629281926862
880.3000000001376,16.768202139397165
880.4000000001377,23.476540358195617
880.5000000001377,33.20690526557199
880.6000000001377,32.65349767496657
880.7000000001377,19.733810253571594
880.8000000001377,5.214411478487759
880.9000000001378,-5.211432804924803
881.0000000001378,-9.282943547788397
881.1000000001378,-7.182879175727567
881.2000000001378,5.057645679241014
881.3000000001379,31.032913007260408
881.4000000001379,39.319569223278336
881.5000000001379,11.285693907809009
881.6000000001379,-3.08558645516471
881.700000000138,8.876544925005657
881.800000000138,14.365259353154505
881.900000000138,10.108211826567151
882.000000000138,3.370541366200754
882.100000000138,-5.572705776390418
882.2000000001381,-7.746625960466671
882.3000000001381,9.879819779232497
882.4000000001381,19.073466049613312
882.5000000001381,0.5585680496607037
882.6000000001382,-0.5683321195921196
882.7000000001382,21.902010123603603
882.8000000001382,29.451494391723774
882.9000000001382,17.002828487230623
883.0000000001382,2.0602152009567414
883.1000000001383,19.206964151132702
883.2000000001383,52.65496246293268
883.3000000001383,45.82990160123504
883.4000000001383,22.122201181671592
883.5000000001384,19.087422160829316
883.6000000001384,28.337753189848026
883.7000000001384,37.29044257151402
883.8000000001384,37.20666220892867
883.9000000001384,27.699941189403955
884.0000000001385,18.633275248896418
884.1000000001385,34.26689958926693
884.2000000001385,58.94982227381702
884.3000000001385,49.01065106940978
884.4000000001386,32.967743418918396
884.5000000001386,39.8031556927359
884.6000000001386,38.28439509346755
884.7000000001386,27.34915001305308
884.8000000001387,33.29996266857381
884.9000000001387,36.80841944801768
885.0000000001387,24.449694180832743
885.1000000001387,29.763395047920262
885.2000000001387,41.66343858983541
885.3000000001388,18.938119203228403
885.4000000001388,0.5057501270052223
885.5000000001388,16.103689757973992
885.6000000001388,21.38048976239297
885.7000000001389,16.418516576981418
885.8000000001389,35.3825144575271
885.9000000001389,56.2089337902004
886.0000000001389,54.54099256049538
886.100000000139,38.37576292595867
886.200000000139,19.16067867972076
886.300000000139,6.771473083788377
886.400000000139,4.3992798169073035
886.500000000139,11.040298170783506
886.6000000001391,21.88449774947936
886.7000000001391,33.487624044208545
886.8000000001391,42.016926771120445
886.9000000001391,35.990418178533176
887.0000000001392,17.375577885909195
887.1000000001392,12.749752135349352
887.2000000001392,21.826182944878582
887.3000000001392,28.27848222175435
887.4000000001392,34.258596229990204
887.5000000001393,38.98218717736953
887.6000000001393,30.58251480044433
887.7000000001393,14.875483759632118
887.8000000001393,5.806523615640302
887.9000000001394,1.8622963307362352
888.0000000001394,-2.0735286850030814
888.1000000001394,-9.166345992424656
888.2000000001394,-5.329784802034909
888.3000000001394,19.65044269066828
888.4000000001395,26.91219932968327
888.5000000001395,6.040582680176892
888.6000000001395,-3.670469581198267
888.7000000001395,4.994071988735928
888.8000000001396,18.852246549827374
888.9000000001396,22.38298616162959
889.0000000001396,16.455968996408178
889.1000000001396,19.558973597964034
889.2000000001397,23.882342433056355
889.3000000001397,18.464143039854672
889.4000000001397,21.88860931207113
889.5000000001397,33.93574711568406
889.6000000001397,30.984354828304287
889.7000000001398,16.868880548729162
889.8000000001398,6.843711535721502
889.9000000001398,11.506310428344618
890.0000000001398,21.731941114796822
890.1000000001399,14.973116475131844
890.2000000001399,6.7406636267936815
890.3000000001399,16.006723542644043
890.4000000001399,33.26739569195754
890.50000000014,35.259574493134245
890.60000000014,3.023919356756478
890.70000000014,-7.333989072983645
890.80000000014,34.59451350610764
890.90000000014,55.909397261336196
891.0000000001401,43.06749350579467
891.1000000001401,34.846690092675836
891.2000000001401,37.53163776647956
891.3000000001401,39.02561017747662
891.4000000001402,16.994664467314806
891.5000000001402,-0.21529588897797103
891.6000000001402,29.668149586886685
891.7000000001402,47.59576127784714
891.8000000001402,21.826368387739034
891.9000000001403,4.6601420822973445
892.0000000001403,10.265005087072423
892.1000000001403,22.164574968711264
892.2000000001403,18.78420433710655
892.3000000001404,5.526829727611469
892.4000000001404,20.97416558247889
892.5000000001404,47.188301715133335
892.6000000001404,47.29360687995237
892.7000000001404,29.34892443996992
892.8000000001405,16.87329674625364
892.9000000001405,33.24643150705154
893.0000000001405,38.696736652604095
893.1000000001405,0.31061094510820686
893.2000000001406,-14.996773266869392
893.3000000001406,9.672465558301017
893.4000000001406,26.93731621593247
893.5000000001406,32.93113870507343
893.6000000001407,35.1522044286008
893.7000000001407,23.670249956601214
893.8000000001407,6.190427259319163
893.9000000001407,4.043674283980911
894.0000000001407,12.113081015192519
894.1000000001408,17.625273358207277
894.2000000001408,12.413501400906874
894.3000000001408,5.046327452253704
894.4000000001408,10.335856952207909
894.5000000001409,13.366989139950267
894.6000000001409,5.409603094804317
894.7000000001409,1.5005284851875604
894.8000000001409,0.9672352577650648
894.900000000141,-3.3532447213051912
895.000000000141,2.194074335198806
895.100000000141,18.658062751257813
895.200000000141,23.712406472085462
895.300000000141,11.582768596445215
895.4000000001411,-8.115939670237466
895.5000000001411,-10.314072440440778
895.6000000001411,5.407833221170135
895.7000000001411,10.237263971599393
895.8000000001412,5.293244061982765
895.9000000001412,3.014316714483779
896.0000000001412,6.565724881324738
896.1000000001412,14.692010151973633
896.2000000001412,22.307818157626716
896.3000000001413,18.699665733562572
896.4000000001413,3.181309172190523
896.5000000001413,-0.19582635404881676
896.6000000001413,11.084481983469246
896.7000000001414,19.544307994782372
896.8000000001414,11.389233697089672
896.9000000001414,-6.226974785168657
897.0000000001414,4.265102624709599
897.1000000001414,27.99963988033805
897.2000000001415,26.297276703673727
897.3000000001415,18.48449770465585
897.4000000001415,21.330405449334577
897.5000000001415,26.35504418141047
897.6000000001416,22.08254892261154
897.7000000001416,4.350081384160511
897.8000000001416,-6.277599660319004
897.9000000001416,1.564009622436331
898.0000000001417,20.420943267491452
898.1000000001417,27.05800827962266
898.2000000001417,10.228333094959712
898.3000000001417,4.591373930538955
898.4000000001417,15.06434804809698
898.5000000001418,15.061424927299807
898.6000000001418,2.243953863353913
898.7000000001418,-9.21179678873845
898.8000000001418,6.406738555335128
898.9000000001419,29.67102702838167
899.0000000001419,21.380015152687104
899.1000000001419,17.407525423903248
899.2000000001419,35.206531629484786
899.300000000142,32.55884982698234
899.400000000142,22.05843137052109
899.500000000142,33.99513514096526
899.600000000142,28.923122484547374
899.700000000142,2.704697942627886
899.8000000001421,7.925727174286923
899.9000000001421,24.839312167371993
900.0000000001421,20.334650370973797
900.1000000001421,26.422122260706864
900.2000000001422,40.28455400967918
900.3000000001422,24.0553921368469
900.4000000001422,14.800115927891833
900.5000000001422,37.577970503595715
900.6000000001422,33.27394667705542
900.7000000001423,7.702383541965706
900.8000000001423,12.657819362675436
900.9000000001423,26.9251435708019
901.0000000001423,26.305015212455643
901.1000000001424,18.18193674027236
901.2000000001424,10.819060852340275
901.3000000001424,10.412219135643227
901.4000000001424,20.27658823387484
901.5000000001424,33.487112834983556
901.6000000001425,32.77016093541968
901.7000000001425,17.389213766487707
901.8000000001425,0.49497091542935134
901.9000000001425,8.090820385758379
902.0000000001426,28.919152161961176
902.1000000001426,22.90691001460561
902.2000000001426,14.182263860406827
902.3000000001426,24.98922116629755
902.4000000001427,25.553231446156
902.5000000001427,12.444139651591232
902.6000000001427,3.514073013242874
902.7000000001427,-1.563990764477956
902.8000000001427,-3.7861228786966565
902.9000000001428,2.023245674696208
903.0000000001428,11.544058211215638
903.1000000001428,16.625831549607348
903.2000000001428,16.186206582580194
903.3000000001429,13.313327573191524
903.4000000001429,12.690445391369465
903.5000000001429,7.207523910498869
903.6000000001429,-3.6907789828473248
903.700000000143,6.04756508238945
903.800000000143,24.580747505281753
903.900000000143,14.090834652629551
904.000000000143,-1.3507461102636351
904.100000000143,-1.8856091254375293
904.2000000001431,-9.787632169386544
904.3000000001431,-14.86906574098411
904.4000000001431,4.464215958838387
904.5000000001431,18.25718277812291
904.6000000001432,12.024325389546393
904.7000000001432,7.219524683760765
904.8000000001432,13.492408372064261
904.9000000001432,25.63836190236504
905.0000000001432,19.28629796403043
905.1000000001433,4.166746388669302
905.2000000001433,15.492654013172395
905.3000000001433,17.468150962868744
905.4000000001433,-8.559545441966506
905.5000000001434,0.20375974068725844
905.6000000001434,29.788006520853557
905.7000000001434,23.460923365765062
905.8000000001434,15.08360162905943
905.9000000001435,24.159871051710457
906.0000000001435,18.831672538261834
906.1000000001435,9.984620691605388
906.2000000001435,18.53945055096899
906.3000000001435,20.02068427608988
906.4000000001436,4.1040123014637535
906.5000000001436,-13.55351422177619
906.6000000001436,-5.532338511081312
906.7000000001436,26.315228692699648
906.8000000001437,16.29228025228224
906.9000000001437,-9.098274150695454
907.0000000001437,22.580429670301957
907.1000000001437,42.23993285557094
907.2000000001437,13.888394529502682
907.3000000001438,4.058764981463718
907.4000000001438,14.8204813632362
907.5000000001438,18.29514482902479
907.6000000001438,20.591822159450864
907.7000000001439,23.234561200012973
907.8000000001439,17.78546456969629
907.9000000001439,9.476044658042863
908.0000000001439,4.235305188949775
908.100000000144,-1.5640651901275695
908.200000000144,2.496893544742856
908.300000000144,26.074482972336387
908.400000000144,24.164001626444946
908.500000000144,-9.102290384271772
908.6000000001441,-7.485160667280221
908.7000000001441,13.076062254323631
908.8000000001441,8.377362347792124
908.9000000001441,-4.497343448807188
909.0000000001442,-7.726599877725516
909.1000000001442,3.1237387144947704
909.2000000001442,19.67296871224702
909.3000000001442,29.450867944393227
909.4000000001442,22.977500184654858
909.5000000001443,15.952225077269834
909.6000000001443,30.53711424620233
909.7000000001443,39.15786023266952
909.8000000001443,28.115123135914736
909.9000000001444,18.89993730152426
910.0000000001444,9.224649795991649
910.1000000001444,-4.965365735320364
910.2000000001444,3.486866612922703
910.3000000001445,19.472657538856723
910.4000000001445,-2.146581956223776
910.5000000001445,-10.360105804172228
910.6000000001445,23.256704921570343
910.7000000001445,27.337262468312247
910.8000000001446,11.967011937226474
910.9000000001446,25.48705016712296
911.0000000001446,23.994349798905283
911.1000000001446,-0.1539112082194083
911.2000000001447,9.61006869456992
911.3000000001447,33.607608423595536
911.4000000001447,32.61796866945682
911.5000000001447,12.744402076277002
911.6000000001447,2.306366529251045
911.7000000001448,27.80437564472921
911.8000000001448,41.05077247811999
911.9000000001448,45.01899169883569
912.0000000001448,155.98033372382332
912.1000000001449,408.08067053988964
912.2000000001449,690.983571764506
912.3000000001449,629.1808946606443
912.4000000001449,262.9398247522546
912.500000000145,74.47480879599607
912.600000000145,52.68393752347228
912.700000000145,45.46992672471864
912.800000000145,35.969472183482964
912.900000000145,27.039337075855304
913.0000000001451,22.615754242428363
913.1000000001451,22.198514340938452
913.2000000001451,23.06403098289245
913.3000000001451,21.133927277058426
913.4000000001452,13.406906115597215
913.5000000001452,1.5709134657554875
913.6000000001452,-2.4349612972446715
913.7000000001452,7.572343937109228
913.8000000001452,26.961289105768486
913.9000000001453,30.81631835077793
914.0000000001453,11.155644974919356
914.1000000001453,-3.447086632403748
914.2000000001453,-10.629769548299981
914.3000000001454,-16.549921824625674
914.4000000001454,1.7079192541206594
914.5000000001454,27.555341240478416
914.6000000001454,8.927219145999688
914.7000000001455,-13.75907286552983
914.8000000001455,-1.3390426545738277
914.9000000001455,10.04245411701331
915.0000000001455,11.01208689338555
915.1000000001455,14.195761385303427
915.2000000001456,16.13364822256982
915.3000000001456,8.687146871051945
915.4000000001456,-13.212578309105474
915.5000000001456,-24.55423494759966
915.6000000001457,-7.43911247581524
915.7000000001457,6.587201793144586
915.8000000001457,5.280929562110638
915.9000000001457,-0.38956347329804286
916.0000000001457,2.8162569272258926
916.1000000001458,14.309325884380883
916.2000000001458,13.929486713053821
916.3000000001458,1.2195875218426109
916.4000000001458,-12.128198695154651
916.5000000001459,-13.928751384179069
916.6000000001459,-8.22271376785893
916.7000000001459,-9.015536202951553
916.8000000001459,1.8754210523430008
916.900000000146,24.454004648403966
917.000000000146,13.785267314952293
917.100000000146,-8.574136087935615
917.200000000146,-0.507463385943292
917.300000000146,3.8514147075474554
917.4000000001461,-6.957785864071448
917.5000000001461,-6.264592325949255
917.6000000001461,6.775815980393382
917.7000000001461,18.78297588786393
917.8000000001462,11.623151087931385
917.9000000001462,-7.484961413845996
918.0000000001462,-16.214330018076566
918.1000000001462,-4.034177104779093
918.2000000001462,17.680888982129918
918.3000000001463,19.549686579580467
918.4000000001463,10.470770125893992
918.5000000001463,9.34920979783878
918.6000000001463,18.396486682682674
918.7000000001464,20.072944539460345
918.8000000001464,-3.2866068196559963
918.9000000001464,-15.667694316731037
919.0000000001464,-1.6417822607581927
919.1000000001465,10.99508735268363
919.2000000001465,15.370102258379765
919.3000000001465,16.288857129782155
919.4000000001465,18.795751703745086
919.5000000001465,19.155432406054533
919.6000000001466,11.961892549250557
919.7000000001466,16.268433418500173
919.8000000001466,30.552160343298123
919.9000000001466,20.58252247212618
920.0000000001467,7.882275937228879
920.1000000001467,22.065506062778567
920.2000000001467,38.43062999630519
920.3000000001467,35.89304260531795
920.4000000001467,11.231323113579453
920.5000000001468,-5.682285094311377
920.6000000001468,-3.1780795650726614
920.7000000001468,-7.100431152703936
920.8000000001468,-2.51318632245514
920.9000000001469,23.829032220717494
921.0000000001469,21.184503343561136
921.1000000001469,-4.140245646886818
921.2000000001469,1.0154062798560264
921.300000000147,14.953269197068506
921.400000000147,17.13257863537861
921.500000000147,23.31577813176001
921.600000000147,25.222372698064177
921.700000000147,13.44002017480774
921.8000000001471,14.900119151794305
921.9000000001471,22.447071009841725
922.0000000001471,5.286425574310327
922.1000000001471,4.086670622361634
922.2000000001472,61.93775765588356
922.3000000001472,178.35388285362603
922.4000000001472,247.54456675236278
922.5000000001472,181.20666035712583
922.6000000001472,93.67987086964145
922.7000000001473,49.11267926054687
922.8000000001473,31.352313702997435
922.9000000001473,25.717420253336815
923.0000000001473,21.679935815406097
923.1000000001474,13.940446940076658
923.2000000001474,6.352479185062685
923.3000000001474,5.940927785007154
923.4000000001474,14.704748210730708
923.5000000001475,24.67447052949319
923.6000000001475,22.50181908447834
923.7000000001475,10.351249055423349
923.8000000001475,0.01989470273480043
923.9000000001475,7.4248257988918605
924.0000000001476,18.66194616070976
924.1000000001476,15.943871675499556
924.2000000001476,13.912843084556759
924.3000000001476,11.57006341344251
924.4000000001477,-4.438671665852574
924.5000000001477,-15.748683146246146
924.6000000001477,-9.336866153706834
924.7000000001477,4.825695418963775
924.8000000001477,12.022854007842339
924.9000000001478,7.929255618686497
925.0000000001478,16.434238583485975
925.1000000001478,28.05974129036003
925.2000000001478,13.156134452016184
925.3000000001479,-2.2660443196086497
925.4000000001479,0.33538628806909543
925.5000000001479,7.423912919100068
925.6000000001479,14.184922030741408
925.700000000148,16.685206659647612
925.800000000148,2.2327713759194387
925.900000000148,-8.104988127437815
926.000000000148,15.763797624531673
926.100000000148,25.090896703748108
926.2000000001481,8.703229129944498
926.3000000001481,21.17347002255175
926.4000000001481,36.28546707065412
926.5000000001481,23.92639802608284
926.6000000001482,25.9371458239942
926.7000000001482,38.04973188102806
926.8000000001482,29.431006367366297
926.9000000001482,24.289474697730068
927.0000000001482,30.687601929090444
927.1000000001483,26.43924904755125
927.2000000001483,22.25588410453158
927.3000000001483,27.59138160328963
927.4000000001483,23.386994863282535
927.5000000001484,11.372988278909848
927.6000000001484,4.239514241611579
927.7000000001484,-2.3253331584078647
927.8000000001484,-0.8644863500415332
927.9000000001485,24.01808094997857
928.0000000001485,38.07105574296526
928.1000000001485,19.48587084557886
928.2000000001485,-1.6994186022127362
928.3000000001485,-7.694414377004507
928.4000000001486,3.776299434758314
928.5000000001486,20.463427023461815
928.6000000001486,33.32398932942995
928.7000000001486,36.69834260883577
928.8000000001487,14.86428801928841
928.9000000001487,-17.11451189811615
929.0000000001487,-3.0649716315379565
929.1000000001487,22.549588720280063
929.2000000001487,12.525600100466567
929.3000000001488,6.222254223007902
929.4000000001488,9.056830369024361
929.5000000001488,0.2030411275706605
929.6000000001488,11.054429515348199
929.7000000001489,36.353242183347106
929.8000000001489,18.484493706232765
929.9000000001489,-2.9504098192350234
930.0000000001489,12.512440674744376
930.100000000149,18.244366952484473
930.200000000149,8.63891875602979
930.300000000149,5.9390086514488445
930.400000000149,2.7329438108719963
930.500000000149,-1.1916552654353163
930.6000000001491,5.700997892719664
930.7000000001491,15.113184278598458
930.8000000001491,18.564010112770525
930.9000000001491,18.615237995655008
931.0000000001492,2.520125111080973
931.1000000001492,-31.382563037912618
931.2000000001492,-29.98787501321191
931.3000000001492,1.7836864709219153
931.4000000001492,11.362964940513132
931.5000000001493,12.196203952668409
931.6000000001493,15.746110852903021
931.7000000001493,6.2189248581377985
931.8000000001493,-2.2189382841077205
931.9000000001494,4.921963086771621
932.0000000001494,9.93025777170524
932.1000000001494,13.231189602964458
932.2000000001494,23.148898156085526
932.3000000001495,16.57916664918784
932.4000000001495,4.777931514769987
932.5000000001495,31.03859522890484
932.6000000001495,43.20131840606928
932.7000000001495,11.855856138694893
932.8000000001496,5.812977092243954
932.9000000001496,16.071890463971524
933.0000000001496,4.207384657778278
933.1000000001496,-4.046628799603751
933.2000000001497,3.433725022861495
933.3000000001497,14.468117602294061
933.4000000001497,11.095465778806519
933.5000000001497,1.5018868801128886
933.6000000001497,21.96865954389458
933.7000000001498,29.787797027649553
933.8000000001498,-6.562686954274769
933.9000000001498,-18.17599256542128
934.0000000001498,-0.1866082034806107
934.1000000001499,8.196812431502194
934.2000000001499,6.365398300618362
934.3000000001499,1.4607868556697379
934.4000000001499,-1.4635041178542678
934.50000000015,-3.856110218802658
934.60000000015,-2.134420133623063
934.70000000015,15.414981662456638
934.80000000015,25.35460194909753
934.90000000015,8.932455666193501
935.0000000001501,6.602733841991631
935.1000000001501,20.953585800121978
935.2000000001501,24.389145923658496
935.3000000001501,24.714543884766684
935.4000000001502,26.351129566291927
935.5000000001502,20.634679862590634
935.6000000001502,15.5124506758011
935.7000000001502,18.425963780016954
935.8000000001502,22.39966605323935
935.9000000001503,16.515144488856574
936.0000000001503,0.5092891810986941
936.1000000001503,6.629056393428441
936.2000000001503,22.03709340800317
936.3000000001504,4.692422885912954
936.4000000001504,-7.5848211498293185
936.5000000001504,4.1288331222613825
936.6000000001504,6.42449653058698
936.7000000001505,4.314486596300389
936.8000000001505,7.7577254333614905
936.9000000001505,0.9044054967386788
937.0000000001505,0.07022647143350902
937.1000000001505,24.369011884139724
937.2000000001506,29.062160805445977
937.3000000001506,11.715216455055502
937.4000000001506,14.108780104267833
937.5000000001506,27.462689648028977
937.6000000001507,30.980818330852898
937.7000000001507,14.45481778708908
937.8000000001507,1.4427731234554586
937.9000000001507,10.772616253601523
938.0000000001507,18.605396949329126
938.1000000001508,20.147028353417433
938.2000000001508,25.994270751358115
938.3000000001508,39.41875793192699
938.4000000001508,46.60832180753851
938.5000000001509,27.707574362823873
938.6000000001509,13.143300323839657
938.7000000001509,20.740856679903438
938.8000000001509,27.507846100379986
938.900000000151,30.777657376989914
939.000000000151,31.101554416443523
939.100000000151,13.593619537835963
939.200000000151,2.476905701415131
939.300000000151,24.433713891903764
939.4000000001511,19.154607263300203
939.5000000001511,-7.6676586938536095
939.6000000001511,14.0616242224379
939.7000000001511,39.35050259420865
939.8000000001512,26.294559165416622
939.9000000001512,-3.9009746573263344
940.0000000001512,-14.727941051240263
940.1000000001512,2.9762378091932784
940.2000000001512,-5.289455408047296
940.3000000001513,-14.951356605456441
940.4000000001513,21.602157740840287
940.5000000001513,32.092295006371685
940.6000000001513,7.066459543243222
940.7000000001514,7.758339953557545
940.8000000001514,14.543461059558343
940.9000000001514,8.925113341468183
941.0000000001514,8.517849039501185
941.1000000001515,12.908708538113556
941.2000000001515,12.173498401936609
941.3000000001515,-1.4248700299540542
941.4000000001515,-9.594758118186977
941.5000000001515,6.406583187473779
941.6000000001516,16.74495205741991
941.7000000001516,11.30925490171526
941.8000000001516,5.134174857484103
941.9000000001516,4.705501273203195
942.0000000001517,8.523519722150708
942.1000000001517,9.583656238912486
942.2000000001517,10.638481101727553
942.3000000001517,13.205877416687649
942.4000000001517,9.387606031813938
942.5000000001518,-0.4116482717546246
942.6000000001518,-6.456701107505687
942.7000000001518,8.72028864878737
942.8000000001518,22.99102681653188
942.9000000001519,1.5963109767614616
943.0000000001519,-5.4656048808175255
943.1000000001519,11.31612816257524
943.2000000001519,1.4823581766048086
943.300000000152,-11.375249852171777
943.400000000152,-4.1971192400665025
943.500000000152,0.9806396658161124
943.600000000152,3.972340998345563
943.700000000152,10.30477313684621
943.8000000001521,7.941080737025368
943.9000000001521,-2.6254644139308265
944.0000000001521,-9.990311170937552
944.1000000001521,-3.875632305954615
944.2000000001522,9.40874564960204
944.3000000001522,11.454651787766503
944.4000000001522,5.453853610125057
944.5000000001522,-0.38115674415002293
944.6000000001522,-1.4688974971252298
944.7000000001523,-1.1187904935956834
944.8000000001523,-1.112753806012576
944.9000000001523,5.1496717173187205
945.0000000001523,12.561922954869639
945.1000000001524,13.691988662987592
945.2000000001524,15.49071434845931
945.3000000001524,15.977531634990935
945.4000000001524,10.29162791136585
945.5000000001525,18.807651436269733
945.6000000001525,30.004837094351757
945.7000000001525,7.1924790020461895
945.8000000001525,17.85383419662466
945.9000000001525,69.97148404812793
946.0000000001526,42.896610161843455
946.1000000001526,6.7933802029870884
946.2000000001526,43.322462448572345
946.3000000001526,51.08556294615634
946.4000000001527,22.795312654215703
946.5000000001527,10.86565101885592
946.6000000001527,6.719444577034069
946.7000000001527,4.947267140662688
946.8000000001527,10.351209725942436
946.9000000001528,12.980741565860795
947.0000000001528,9.439723711963204
947.1000000001528,8.476559805112213
947.2000000001528,12.902632030925524
947.3000000001529,17.49210757399112
947.4000000001529,9.671790014152608
947.5000000001529,0.0
947.6000000001529,0.0
947.700000000153,0.0
947.800000000153,0.0
947.900000000153,0.0
948.000000000153,0.0
948.100000000153,0.0
948.2000000001531,0.0
948.3000000001531,0.0
948.4000000001531,0.0
948.5000000001531,0.0
948.6000000001532,0.0
948.7000000001532,0.0
948.8000000001532,0.0
948.9000000001532,0.0
949.0000000001532,0.0
949.1000000001533,0.0
949.2000000001533,0.0
949.3000000001533,0.0
949.4000000001533,0.0
949.5000000001534,0.0
949.6000000001534,0.0
949.7000000001534,0.0
949.8000000001534,0.0
949.9000000001535,0.0
950.0000000001535,0.0
950.1000000001535,0.0
950.2000000001535,0.0
950.3000000001535,0.0
950.4000000001536,0.0
950.5000000001536,0.0
950.6000000001536,0.0
950.7000000001536,0.0
950.8000000001537,0.0
950.9000000001537,0.0
951.0000000001537,0.0
951.1000000001537,0.0
951.2000000001538,0.0
951.3000000001538,0.0
951.4000000001538,0.0
951.5000000001538,0.0
951.6000000001538,0.0
951.7000000001539,0.0
951.8000000001539,0.0
951.9000000001539,0.0
952.0000000001539,0.0
952.100000000154,0.0
952.200000000154,0.0
952.300000000154,0.0
952.400000000154,0.0
952.500000000154,0.0
952.6000000001541,0.0
952.7000000001541,0.0
952.8000000001541,0.0
952.9000000001541,0.0
953.0000000001542,0.0
953.1000000001542,0.0
953.2000000001542,0.0
953.3000000001542,0.0
953.4000000001543,0.0
953.5000000001543,0.0
953.6000000001543,0.0
953.7000000001543,0.0
953.8000000001543,0.0
953.9000000001544,0.0
954.0000000001544,0.0
954.1000000001544,0.0
954.2000000001544,0.0
954.3000000001545,0.0
954.4000000001545,0.0
954.5000000001545,0.0
954.6000000001545,0.0
954.7000000001545,0.0
954.8000000001546,0.0
954.9000000001546,0.0
955.0000000001546,0.0
955.1000000001546,0.0
955.2000000001547,0.0
955.3000000001547,0.0
955.4000000001547,0.0
955.5000000001547,0.0
955.6000000001548,0.0
955.7000000001548,0.0
955.8000000001548,0.0
955.9000000001548,0.0
956.0000000001548,0.0
956.1000000001549,0.0
956.2000000001549,0.0
956.3000000001549,0.0
956.4000000001549,0.0
956.500000000155,0.0
956.600000000155,0.0
956.700000000155,0.0
956.800000000155,0.0
956.900000000155,0.0
957.0000000001551,0.0
957.1000000001551,0.0
957.2000000001551,0.0
957.3000000001551,0.0
957.4000000001552,0.0
957.5000000001552,0.0
957.6000000001552,0.0
957.7000000001552,0.0
957.8000000001553,0.0
957.9000000001553,0.0
958.0000000001553,0.0
958.1000000001553,0.0
958.2000000001553,0.0
958.3000000001554,0.0
958.4000000001554,0.0
958.5000000001554,0.0
958.6000000001554,0.0
958.7000000001555,0.0
958.8000000001555,0.0
958.9000000001555,0.0
959.0000000001555,0.0
959.1000000001555,0.0
959.2000000001556,0.0
959.3000000001556,0.0
959.4000000001556,0.0
959.5000000001556,0.0
959.6000000001557,0.0
959.7000000001557,0.0
959.8000000001557,0.0
959.9000000001557,0.0
960.0000000001558,0.0
960.1000000001558,0.0
960.2000000001558,0.0
960.3000000001558,0.0
960.4000000001558,0.0
960.5000000001559,0.0
960.6000000001559,0.0
960.7000000001559,0.0
960.8000000001559,0.0
960.900000000156,0.0
